36523
36432
36426
36424
36483
36422
36447
36445
36461
36417
36414
36420
36410
36944
36493
36415
37375
36437
37379
36439
36429
37369
36436
36424
37437
36445
36421
36415
38608
36394
36690
36425
36432
36447
36422
36452
36386
36396
36454
36440
36450
36428
38587
38822
36438
36437
36948
36414
36407
36389
36461
36413
36402
36430
36414
36425
36421
36382
36429
36421
36423
36412
36459
36419
36408
37660
36419
36424
36414
36437
36406
36403
36447
36446
36463
36443
36444
36437
36416
36416
36442
36445
36417
36427
37509
36433
36412
38679
36409
36409
36477
36975
36432
36462
36400
36535
36660
36434
36441
36440
37395
36449
36777
36484
36457
36408
36439
36408
36408
36530
38781
36365
37440
36416
36436
36405
36427
36441
36448
36549
36467
36426
36433
36437
36421
36388
36445
36420
36449
36580
36432
39530
36458
38556
36399
36440
36456
36436
40612
36453
36409
38501
36420
36411
36457
38629
36705
36419
36434
36465
36441
36407
36411
36378
36412
36396
36410
36445
36457
36399
36423
36410
36459
36409
36422
37321
36434
36422
37113
37189
36459
37840
37867
37356
38712
37686
36441
37810
37792
