45360
43447
43744
43474
44759
43406
43476
43419
43507
44324
44039
44666
44346
43404
43703
44390
43397
43381
44009
43377
44291
43408
43818
44337
44080
43400
43721
43566
43397
43370
43380
43450
43354
43997
43402
43925
43474
43473
43708
43387
43752
43357
43357
44130
43375
43366
45063
43379
43343
43385
43648
43389
43422
43374
43364
45908
43520
44374
43699
43396
43376
43354
43356
43994
45601
43400
43412
43395
43374
43608
43367
43420
44061
43366
43417
44383
43664
43386
43455
43342
43400
44095
43381
43747
43396
43456
43452
43419
43401
43379
47256
44677
45660
44647
43352
44695
43414
43376
44649
43489
44634
44856
43624
43494
44660
44629
43402
43373
43312
43647
43371
43420
43708
43434
43357
43688
43650
43360
43984
43657
43445
43359
44315
43318
43332
43317
43327
43411
43967
43400
43328
43373
43405
43344
43356
43584
43898
43355
43341
43940
43329
43320
43311
43828
43420
43348
43347
43404
43334
43328
43386
43325
43512
43389
43414
43373
43392
43396
43431
43387
43393
43310
43338
43337
43312
43320
44730
43385
43283
43795
47497
43775
43277
48285
43317
44010
43785
43436
43307
