110437
110480
110865
110266
112464
112508
110298
110258
112379
111286
110483
110291
110520
110269
110465
112505
114486
110244
110246
110376
110240
110274
110294
112502
110261
110494
112503
110294
110257
110497
110277
110277
118920
113135
114522
111772
112497
110211
112851
110265
112347
110270
110285
110256
110266
112394
110291
110277
110823
110447
110248
112582
110215
112482
110210
112340
110258
110318
112371
112386
112371
110261
110245
110416
110461
110238
110919
110250
110258
110209
111313
111478
111273
110317
111267
111306
113478
110256
110236
112384
112385
110209
110211
112458
112223
110227
114086
113407
115641
114885
114876
112821
110559
110559
113775
112765
112598
110530
112720
112791
112697
112630
110526
113964
112743
112758
110499
110570
112660
110812
110599
110548
110561
110551
111584
110484
110733
112720
110538
111532
112709
110533
110531
112810
111472
110618
110545
110551
112667
112712
110609
112747
110533
110537
110568
110578
112807
110599
112766
110585
110761
114188
114579
114540
112734
112948
113008
112727
110553
110976
110558
114735
110536
112660
110550
110528
114701
112694
110490
110535
112557
112634
110801
110260
110341
110237
110249
112343
110223
110232
112328
110229
110294
110268
110273
110285
114600
110266
110261
