122202
122123
120218
119877
121622
119845
120852
120225
121340
122031
119821
124028
119859
119913
119864
119845
119873
119898
120227
122096
121043
120960
120940
120860
121223
120908
121605
122907
120985
119715
124066
119772
119721
119784
120111
121985
120066
119657
119709
121126
123374
121068
121369
121204
123158
120061
123499
121089
120067
120740
122981
119686
119759
120093
119739
119802
120140
120114
119729
119707
120126
119767
120091
119756
119709
119732
119716
120048
120060
119758
119727
123225
120157
120997
123023
120862
119942
121226
122505
121967
119918
119826
119905
120203
120188
120352
122116
124200
123651
120237
119872
120873
120192
120298
120030
120234
122122
120145
124053
121232
120896
120093
120379
119894
119896
119956
119912
120896
119945
120360
121363
120873
119900
119924
120595
119915
122064
119922
119972
119909
119908
124183
121143
120322
120964
121091
120323
121008
120208
121332
119916
120216
119887
120133
120242
119933
120501
119924
119914
120365
120260
122190
119955
120921
120909
120923
120881
121058
124036
121127
122808
121247
121591
119858
121870
120859
119904
120319
122180
119969
119806
121955
119779
123611
120406
119789
119834
121859
119782
119886
119910
119750
120393
119829
120550
120525
120528
122179
119376
