0.227
0.227
0.227
0.227
0.227
0.227
0.227
0.227
0.227
0.227
0.411
0.411
0.411
0.411
0.411
0.411
0.411
0.411
0.411
0.411
0.487
0.487
0.487
0.487
0.487
0.487
0.487
0.487
0.487
0.487
0.663
0.663
0.663
0.663
0.663
0.663
0.663
0.663
0.663
0.663
0.771
0.771
0.771
0.771
0.771
0.771
0.771
0.771
0.771
0.771
0.671
0.671
0.671
0.671
0.671
0.671
0.671
0.671
0.671
0.671
0.871
0.871
0.871
0.871
0.871
0.871
0.871
0.871
0.871
0.871
0.871
0.871
0.871
0.871
0.871
0.871
0.871
0.871
0.871
0.871
0.959
0.959
0.959
0.959
0.959
0.959
0.959
0.959
0.959
0.959
1.055
1.055
1.055
1.055
1.055
1.055
1.055
1.055
1.055
1.055
1.071
1.071
1.071
1.071
1.071
1.071
1.071
1.071
1.071
1.071
1.175
1.175
1.175
1.175
1.175
1.175
1.175
1.175
1.175
1.175
1.199
1.199
1.199
1.199
1.199
1.199
1.199
1.199
1.199
1.199
1.223
1.223
1.223
1.223
1.223
1.223
1.223
1.223
1.223
1.223
1.203
1.203
1.203
1.203
1.203
1.203
1.203
1.203
1.203
1.203
1.223
1.223
1.223
1.223
1.223
1.223
1.223
1.223
1.223
1.223
1.243
1.243
1.243
1.243
1.243
1.243
1.243
1.243
1.243
1.243
1.263
1.263
1.263
1.263
1.263
1.263
1.263
1.263
1.263
1.263
1.239
1.239
1.239
1.239
1.239
1.239
1.239
1.239
1.239
1.239
1.255
1.255
1.255
1.255
1.255
1.255
1.255
1.255
1.255
1.255
1.271
1.271
1.271
1.271
1.271
1.271
1.271
1.271
1.271
1.271
1.243
1.243
1.243
1.243
1.243
1.243
1.243
1.243
1.243
1.243
1.343
1.343
1.343
1.343
1.343
1.343
1.343
1.343
1.343
1.343
1.275
1.275
1.275
1.275
1.275
1.275
1.275
1.275
1.275
1.275
1.287
1.287
1.287
1.287
1.287
1.287
1.287
1.287
1.287
1.287
1.255
1.255
1.255
1.255
1.255
1.255
1.255
1.255
1.255
1.255
1.263
1.263
1.263
1.263
1.263
1.263
1.263
1.263
1.263
1.263
1.271
1.271
1.271
1.271
1.271
1.271
1.271
1.271
1.271
1.271
1.235
1.235
1.235
1.235
1.235
1.235
1.235
1.235
1.235
1.235
1.327
1.327
1.327
1.327
1.327
1.327
1.327
1.327
1.327
1.327
1.251
1.251
1.251
1.251
1.251
1.251
1.251
1.251
1.251
1.251
1.255
1.255
1.255
1.255
1.255
1.255
1.255
1.255
1.255
1.255
1.215
1.215
1.215
1.215
1.215
1.215
1.215
1.215
1.215
1.215
1.303
1.303
1.303
1.303
1.303
1.303
1.303
1.303
1.303
1.303
1.311
1.311
1.311
1.311
1.311
1.311
1.311
1.311
1.311
1.311
1.187
1.187
1.187
1.187
1.187
1.187
1.187
1.187
1.187
1.187
1.271
1.271
1.271
1.271
1.271
1.271
1.271
1.271
1.271
1.271
1.275
1.275
1.275
1.275
1.275
1.275
1.275
1.275
1.275
1.275
1.279
1.279
1.279
1.279
1.279
1.279
1.279
1.279
1.279
1.279
1.239
1.239
1.239
1.239
1.239
1.239
1.239
1.239
1.239
1.239
1.239
1.239
1.239
1.239
1.239
1.239
1.239
1.239
1.239
1.239
1.239
1.239
1.239
1.239
1.239
1.239
1.239
1.239
1.239
1.239
1.239
1.239
1.239
1.239
1.239
1.239
1.239
1.239
1.239
1.239
1.195
1.195
1.195
1.195
1.195
1.195
1.195
1.195
1.195
1.195
1.191
1.191
1.191
1.191
1.191
1.191
1.191
1.191
1.191
1.191
1.187
1.187
1.187
1.187
1.187
1.187
1.187
1.187
1.187
1.187
1.183
1.183
1.183
1.183
1.183
1.183
1.183
1.183
1.183
1.183
1.223
1.223
1.223
1.223
1.223
1.223
1.223
1.223
1.223
1.223
0.901
0.901
0.901
0.901
0.901
0.901
0.901
0.901
0.901
0.901
0.824
0.824
0.824
0.824
0.824
0.824
0.824
0.824
0.824
0.824
0.894
0.894
0.894
0.894
0.894
0.894
0.894
0.894
0.894
0.894
0.894
0.894
0.894
0.894
0.894
0.894
0.894
0.894
0.894
0.894
0.894
0.894
0.894
0.894
0.894
0.894
0.894
0.894
0.894
0.894
0.817
0.817
0.817
0.817
0.817
0.817
0.817
0.817
0.817
0.817
0.887
0.887
0.887
0.887
0.887
0.887
0.887
0.887
0.887
0.887
0.887
0.887
0.887
0.887
0.887
0.887
0.887
0.887
0.887
0.887
0.887
0.887
0.887
0.887
0.887
0.887
0.887
0.887
0.887
0.887
0.81
0.81
0.81
0.81
0.81
0.81
0.81
0.81
0.81
0.81
0.88
0.88
0.88
0.88
0.88
0.88
0.88
0.88
0.88
0.88
0.88
0.88
0.88
0.88
0.88
0.88
0.88
0.88
0.88
0.88
0.88
0.88
0.88
0.88
0.88
0.88
0.88
0.88
0.88
0.88
0.88
0.88
0.88
0.88
0.88
0.88
0.88
0.88
0.88
0.88
0.803
0.803
0.803
0.803
0.803
0.803
0.803
0.803
0.803
0.803
0.873
0.873
0.873
0.873
0.873
0.873
0.873
0.873
0.873
0.873
0.873
0.873
0.873
0.873
0.873
0.873
0.873
0.873
0.873
0.873
0.873
0.873
0.873
0.873
0.873
0.873
0.873
0.873
0.873
0.873
0.796
0.796
0.796
0.796
0.796
0.796
0.796
0.796
0.796
0.796
0.866
0.866
0.866
0.866
0.866
0.866
0.866
0.866
0.866
0.866
0.866
0.866
0.866
0.866
0.866
0.866
0.866
0.866
0.866
0.866
0.866
0.866
0.866
0.866
0.866
0.866
0.866
0.866
0.866
0.866
0.866
0.866
0.866
0.866
0.866
0.866
0.866
0.866
0.866
0.866
0.866
0.866
0.866
0.866
0.866
0.866
0.866
0.866
0.866
0.866
0.866
0.866
0.866
0.866
0.866
0.866
0.866
0.866
0.866
0.866
0.866
0.866
0.866
0.866
0.866
0.866
0.866
0.866
0.866
0.866
0.866
0.866
0.866
0.866
0.866
0.866
0.866
0.866
0.866
0.866
0.789
0.789
0.789
0.789
0.789
0.789
0.789
0.789
0.789
0.789
0.859
0.859
0.859
0.859
0.859
0.859
0.859
0.859
0.859
0.859
-1.606
-1.606
-1.606
-1.606
-1.606
-1.606
-1.606
-1.606
-1.606
-1.606
-1.616
-1.616
-1.616
-1.616
-1.616
-1.616
-1.616
-1.616
-1.616
-1.616
-1.736
-1.736
-1.736
-1.736
-1.736
-1.736
-1.736
-1.736
-1.736
-1.736
-1.756
-1.756
-1.756
-1.756
-1.756
-1.756
-1.756
-1.756
-1.756
-1.756
-1.666
-1.666
-1.666
-1.666
-1.666
-1.666
-1.666
-1.666
-1.666
-1.666
-1.786
-1.786
-1.786
-1.786
-1.786
-1.786
-1.786
-1.786
-1.786
-1.786
-1.696
-1.696
-1.696
-1.696
-1.696
-1.696
-1.696
-1.696
-1.696
-1.696
-1.816
-1.816
-1.816
-1.816
-1.816
-1.816
-1.816
-1.816
-1.816
-1.816
-1.726
-1.726
-1.726
-1.726
-1.726
-1.726
-1.726
-1.726
-1.726
-1.726
-1.736
-1.736
-1.736
-1.736
-1.736
-1.736
-1.736
-1.736
-1.736
-1.736
-1.746
-1.746
-1.746
-1.746
-1.746
-1.746
-1.746
-1.746
-1.746
-1.746
-1.756
-1.756
-1.756
-1.756
-1.756
-1.756
-1.756
-1.756
-1.756
-1.756
-1.766
-1.766
-1.766
-1.766
-1.766
-1.766
-1.766
-1.766
-1.766
-1.766
-1.776
-1.776
-1.776
-1.776
-1.776
-1.776
-1.776
-1.776
-1.776
-1.776
-1.786
-1.786
-1.786
-1.786
-1.786
-1.786
-1.786
-1.786
-1.786
-1.786
-1.796
-1.796
-1.796
-1.796
-1.796
-1.796
-1.796
-1.796
-1.796
-1.796
-1.806
-1.806
-1.806
-1.806
-1.806
-1.806
-1.806
-1.806
-1.806
-1.806
-1.816
-1.816
-1.816
-1.816
-1.816
-1.816
-1.816
-1.816
-1.816
-1.816
-1.716
-1.716
-1.716
-1.716
-1.716
-1.716
-1.716
-1.716
-1.716
-1.716
-1.716
-1.716
-1.716
-1.716
-1.716
-1.716
-1.716
-1.716
-1.716
-1.716
-1.716
-1.716
-1.716
-1.716
-1.716
-1.716
-1.716
-1.716
-1.716
-1.716
-1.716
-1.716
-1.716
-1.716
-1.716
-1.716
-1.716
-1.716
-1.716
-1.716
-1.716
-1.716
-1.716
-1.716
-1.716
-1.716
-1.716
-1.716
-1.716
-1.716
-1.826
-1.826
-1.826
-1.826
-1.826
-1.826
-1.826
-1.826
-1.826
-1.826
-1.726
-1.726
-1.726
-1.726
-1.726
-1.726
-1.726
-1.726
-1.726
-1.726
-1.726
-1.726
-1.726
-1.726
-1.726
-1.726
-1.726
-1.726
-1.726
-1.726
-1.726
-1.726
-1.726
-1.726
-1.726
-1.726
-1.726
-1.726
-1.726
-1.726
-1.726
-1.726
-1.726
-1.726
-1.726
-1.726
-1.726
-1.726
-1.726
-1.726
-1.726
-1.726
-1.726
-1.726
-1.726
-1.726
-1.726
-1.726
-1.726
-1.726
-1.726
-1.726
-1.726
-1.726
-1.726
-1.726
-1.726
-1.726
-1.726
-1.726
-1.726
-1.726
-1.726
-1.726
-1.726
-1.726
-1.726
-1.726
-1.726
-1.726
-1.726
-1.726
-1.726
-1.726
-1.726
-1.726
-1.726
-1.726
-1.726
-1.726
-1.726
-1.726
-1.726
-1.726
-1.726
-1.726
-1.726
-1.726
-1.726
-1.726
-1.726
-1.726
-1.726
-1.726
-1.726
-1.726
-1.726
-1.726
-1.726
-1.726
-1.726
-1.726
-1.726
-1.726
-1.726
-1.726
-1.726
-1.726
-1.726
-1.726
-1.726
-1.726
-1.726
-1.726
-1.726
-1.726
-1.726
-1.726
-1.726
-1.726
-1.726
-1.726
-1.726
-1.726
-1.726
-1.726
-1.726
-1.726
-1.726
-1.726
-1.726
-1.726
-1.726
-1.726
-1.726
-1.726
-1.726
-1.726
-1.726
-1.726
-1.726
-1.726
-1.726
-1.726
-1.726
-1.726
-1.726
-1.726
-1.726
-1.726
-1.726
-1.726
-1.726
-1.726
-1.726
-1.726
-1.726
-1.726
-1.726
-1.726
-1.726
-1.726
-1.726
-1.726
-1.726
-1.726
-1.726
-1.726
-1.726
-1.726
2.765
2.765
2.765
2.765
2.765
2.765
2.765
2.765
2.765
2.765
2.965
2.965
2.965
2.965
2.965
2.965
2.965
2.965
2.965
2.965
3.075
3.075
3.075
3.075
3.075
3.075
3.075
3.075
3.075
3.075
3.195
3.195
3.195
3.195
3.195
3.195
3.195
3.195
3.195
3.195
3.215
3.215
3.215
3.215
3.215
3.215
3.215
3.215
3.215
3.215
3.345
3.345
3.345
3.345
3.345
3.345
3.345
3.345
3.345
3.345
3.375
3.375
3.375
3.375
3.375
3.375
3.375
3.375
3.375
3.375
3.405
3.405
3.405
3.405
3.405
3.405
3.405
3.405
3.405
3.405
3.435
3.435
3.435
3.435
3.435
3.435
3.435
3.435
3.435
3.435
3.575
3.575
3.575
3.575
3.575
3.575
3.575
3.575
3.575
3.575
3.505
3.505
3.505
3.505
3.505
3.505
3.505
3.505
3.505
3.505
3.535
3.535
3.535
3.535
3.535
3.535
3.535
3.535
3.535
3.535
3.565
3.565
3.565
3.565
3.565
3.565
3.565
3.565
3.565
3.565
3.595
3.595
3.595
3.595
3.595
3.595
3.595
3.595
3.595
3.595
3.515
3.515
3.515
3.515
3.515
3.515
3.515
3.515
3.515
3.515
3.535
3.535
3.535
3.535
3.535
3.535
3.535
3.535
3.535
3.535
3.555
3.555
3.555
3.555
3.555
3.555
3.555
3.555
3.555
3.555
3.575
3.575
3.575
3.575
3.575
3.575
3.575
3.575
3.575
3.575
3.595
3.595
3.595
3.595
3.595
3.595
3.595
3.595
3.595
3.595
3.505
3.505
3.505
3.505
3.505
3.505
3.505
3.505
3.505
3.505
3.515
3.515
3.515
3.515
3.515
3.515
3.515
3.515
3.515
3.515
3.515
3.515
3.515
3.515
3.515
3.515
3.515
3.515
3.515
3.515
