0.014205
0.0409814
0.0786705
0.125616
0.180187
0.240803
0.305951
0.3742
0.444216
0.514772
0.584995
0.653867
0.720488
0.784085
0.844006
0.89972
0.950811
0.996977
1.03802
1.07383
1.10463
1.13047
1.15146
1.16776
1.1796
1.18724
1.191
1.1912
1.1882
1.18236
1.17417
1.164
1.15219
1.13908
1.125
1.11026
1.09514
1.07992
1.06482
1.05006
1.03572
1.02196
1.00893
0.99675
0.985525
0.975325
0.9662
0.95818
0.951274
0.945475
0.940638
0.93674
0.933746
0.931611
0.930279
0.929692
0.929783
0.930483
0.931721
0.933424
0.935641
0.938286
0.941278
0.944536
0.947985
0.951555
0.955179
0.958798
0.962359
0.965812
0.969239
0.972589
0.97582
0.978896
0.981786
0.984465
0.986914
0.98912
0.991073
0.99277
0.99409
0.995052
0.995677
0.99599
0.996016
0.995785
0.995325
0.994666
0.993838
0.99287
0.992031
0.99132
0.990736
0.990274
0.989929
0.989694
0.989563
0.989527
0.989576
0.989701
0.989774
0.989797
0.989777
0.989717
0.989622
0.989497
0.989347
0.989177
0.988991
0.988794
0.98871
0.988729
0.98884
0.989032
0.989294
0.989616
0.989986
0.990395
0.990832
0.991287
0.991633
0.991875
0.992019
0.992074
0.992047
0.991947
0.991783
0.991563
0.991297
0.990993
0.99078
0.990651
0.990601
0.990621
0.990705
0.990845
0.991034
0.991263
0.991525
0.991813
0.99224
0.992786
0.993431
0.994154
0.994938
0.995764
0.996617
0.997479
0.998339
0.999182
0.999998
1.00078
1.00151
1.0022
1.00282
1.00339
1.0039
1.00434
1.00471
1.00503
1.0054
1.00582
1.00627
1.00675
1.00725
1.00775
1.00825
1.00874
1.00922
1.00967
1.00998
1.01016
1.01021
1.01014
1.00998
1.00973
1.0094
1.00901
1.00857
1.00808
1.00745
1.0067
1.00585
1.00492
1.00393
1.00291
1.00187
1.00083
0.99981
0.998818
0.997749
0.996625
0.995469
0.994302
0.993142
0.992006
0.990908
0.989862
0.988877
0.987963
0.987245
0.986716
0.986364
0.986176
0.98614
0.98624
0.986462
0.986789
0.987207
0.9877
0.988253
0.988853
0.989484
0.990135
0.990794
0.99145
0.992094
0.992717
0.993311
0.993872
0.994514
0.995219
0.995969
0.996751
0.997548
0.998347
0.999136
0.999904
1.00064
1.00134
1.00187
1.00225
1.00248
1.00258
1.00255
1.00241
1.00218
1.00186
1.00147
1.00102
1.00065
1.00034
1.00011
0.999948
0.999846
0.999801
0.999808
0.999863
0.999959
1.00009
1.00013
1.0001
0.999984
0.999809
0.99958
0.999304
0.998992
0.998651
0.99829
0.997915
0.997654
0.997499
0.997442
0.997474
0.997586
0.997768
0.998011
0.998303
0.998637
0.999004
0.999513
1.00014
1.00087
1.00168
1.00255
1.00346
1.00439
1.00533
1.00625
1.00716
1.00803
1.00886
1.00964
1.01037
1.01103
1.01162
1.01214
1.0126
1.01298
1.0133
1.01367
1.01408
1.01453
1.015
1.01548
1.01597
1.01645
1.01692
1.01738
1.01782
1.01811
1.01826
1.01829
1.01821
1.01802
1.01776
1.01741
1.01701
1.01655
1.01606
1.01566
1.01535
1.01513
1.01498
1.01491
1.01491
1.01497
1.01509
1.01525
1.01545
1.01557
1.0156
1.01557
1.01546
1.01531
1.0151
1.01485
1.01457
1.01426
1.01394
1.01372
1.01361
1.01358
1.01364
1.01378
1.01398
1.01423
1.01453
1.01487
1.01524
1.01562
1.01602
1.01642
1.01682
1.01722
1.0176
1.01796
1.01831
1.01863
1.01892
1.0193
1.01977
1.02029
1.02086
1.02147
1.0221
1.02274
1.02338
1.02401
1.02462
1.02509
1.02542
1.02562
1.0257
1.02567
1.02554
1.02533
1.02505
1.0247
1.0243
1.02398
1.02374
1.02358
1.02348
1.02344
1.02346
1.02353
1.02365
1.0238
1.02399
1.02408
1.02409
1.02402
1.02389
1.02369
1.02344
1.02315
1.02283
1.02248
1.02212
1.02186
1.02171
1.02165
1.02168
1.02178
1.02195
1.02219
1.02247
1.02279
1.02314
1.02339
1.02355
1.02363
1.02363
1.02357
1.02343
1.02325
1.02302
1.02276
1.02246
1.02238
1.0225
1.02279
1.02324
1.02382
1.02451
1.02529
1.02613
1.02703
1.02795
1.02877
1.02948
1.03008
1.03057
1.03097
1.03126
1.03146
1.03157
1.03161
1.03157
1.03158
1.03165
1.03176
1.0319
1.03208
1.03229
1.03251
1.03275
1.033
1.03326
1.03339
1.03342
1.03334
1.03318
1.03295
1.03264
1.03229
1.03188
1.03145
1.03099
1.03064
1.03039
1.03023
1.03016
1.03017
1.03026
1.0304
1.0306
1.03084
1.03113
1.03132
1.03143
1.03146
1.03142
1.03132
1.03116
1.03096
1.03072
1.03045
1.03015
1.02995
1.02985
1.02984
1.02991
1.03004
1.03024
1.03049
1.03078
1.0311
1.03145
1.03206
1.0329
1.03392
1.03509
1.03639
1.03777
1.03922
1.0407
1.04218
1.04365
1.04496
1.04611
1.0471
1.04793
1.0486
1.04912
1.0495
1.04974
1.04986
1.04986
1.04988
1.04991
1.04996
1.05002
1.05008
1.05016
1.05024
1.05032
1.0504
1.05049
1.05045
1.05031
1.05007
1.04975
1.04936
1.04891
1.04842
1.0479
1.04735
1.0468
1.04636
1.04604
1.04582
1.0457
1.04568
1.04573
1.04586
1.04606
1.04631
1.0466
1.04681
1.04694
1.047
1.047
1.04693
1.04681
1.04665
1.04645
1.04622
1.04596
1.0458
1.04574
1.04576
1.04586
1.04602
1.04625
1.04652
1.04683
1.04718
1.04754
1.04793
1.04832
1.04871
1.04909
1.04947
1.04983
1.05017
1.0505
1.05079
1.05106
1.05142
1.05186
1.05237
1.05292
1.05351
1.05412
1.05474
1.05537
1.05598
1.05658
1.05704
1.05736
1.05755
1.05763
1.0576
1.05747
1.05726
1.05697
1.05663
1.05623
1.05568
1.05499
1.05419
1.0533
1.05235
1.05135
1.05033
1.04929
1.04827
1.04727
1.04643
1.04574
1.0452
1.04479
1.04453
1.04438
1.04435
1.04442
1.04459
1.04483
1.04502
1.04516
1.04526
1.04531
1.04532
1.0453
1.04524
1.04516
1.04505
1.04492
1.0449
1.04497
1.04512
1.04535
1.04564
1.04598
1.04636
1.04677
1.04721
1.04765
1.04799
1.04821
1.04834
1.04837
1.04832
1.04819
1.048
1.04775
1.04746
1.04713
1.04701
1.04708
1.04732
1.04772
1.04824
1.04887
1.0496
1.05039
1.05123
1.0521
1.05287
1.05353
1.05409
1.05455
1.05491
1.05517
1.05535
1.05544
1.05546
1.05541
1.05541
1.05547
1.05558
1.05573
1.05591
1.05612
1.05635
1.0566
1.05686
1.05713
1.05727
1.05731
1.05725
1.05711
1.05688
1.05659
1.05625
1.05586
1.05543
1.05499
1.05464
1.0544
1.05425
1.05419
1.0542
1.05429
1.05444
1.05464
1.05488
1.05517
1.05536
1.05547
1.0555
1.05546
1.05536
1.0552
1.05499
1.05475
1.05447
1.05417
1.05397
1.05387
1.05385
1.05392
1.05405
1.05424
1.05449
1.05478
1.0551
1.05545
1.0557
1.05585
1.05592
1.0559
1.05581
1.05566
1.05546
1.0552
1.05491
1.05459
1.05449
1.05459
1.05486
1.05529
1.05585
1.05652
1.05728
1.05811
1.059
1.05991
1.06072
1.06142
1.06201
1.0625
1.06289
1.06319
1.06339
1.0635
1.06353
1.0635
1.06352
1.06359
1.0637
1.06385
1.06404
1.06425
1.06448
1.06472
1.06498
1.06524
1.06538
1.06541
1.06534
1.06518
1.06495
1.06465
1.0643
1.0639
1.06346
1.06301
1.06266
1.06241
1.06225
1.06218
1.06219
1.06227
1.06242
1.06261
1.06286
1.06314
1.06333
1.06344
1.06347
1.06343
1.06333
1.06317
1.06297
1.06272
1.06245
1.06215
1.06195
1.06185
1.06184
1.0619
1.06204
1.06224
1.06248
1.06277
1.0631
1.06345
1.0637
1.06385
1.06392
1.0639
1.06382
1.06367
1.06346
1.06321
1.06292
1.0626
1.0625
1.0626
1.06287
1.0633
1.06386
1.06453
1.06529
1.06612
1.067
1.06791
1.06872
1.06942
1.07002
1.07051
1.0709
1.07119
1.07139
1.0715
1.07153
1.0715
1.07152
1.07159
1.0717
1.07185
1.07204
1.07225
1.07248
1.07272
1.07298
1.07324
1.07338
1.07341
1.07334
1.07318
1.07295
1.07265
1.07229
1.0719
1.07146
1.07101
1.07066
1.07041
1.07025
1.07018
1.07019
1.07027
1.07042
1.07061
1.07086
1.07114
1.07133
1.07144
1.07147
1.07143
1.07133
1.07117
1.07097
1.07072
1.07045
1.07015
1.06995
1.06985
1.06984
1.0699
1.07004
1.07024
1.07048
1.07077
1.0711
1.07145
1.0717
1.07185
1.07192
1.0719
1.07182
1.07167
1.07146
1.07121
1.07092
1.0706
1.0705
1.0706
1.07087
1.0713
1.07186
1.07253
1.07329
1.07412
1.075
1.07591
1.07672
1.07742
1.07802
1.07851
1.07889
1.07919
1.07939
1.0795
1.07953
1.0795
1.07952
1.07959
1.0797
1.07985
1.08004
1.08025
1.08048
1.08072
1.08098
1.08124
1.08138
1.08141
1.08134
1.08118
1.08095
1.08065
1.08029
1.0799
1.07946
1.07901
1.07866
1.07841
1.07825
1.07818
1.07819
1.07827
1.07842
1.07861
1.07886
1.07914
1.07933
1.07944
1.07947
1.07943
1.07933
1.07917
1.07897
1.07872
1.07845
1.07815
1.07795
1.07785
1.07784
1.0779
1.07804
1.07824
1.07848
1.07877
1.0791
1.07945
1.0797
1.07985
1.07992
1.0799
1.07982
1.07967
1.07946
1.07921
1.07892
1.0786
1.07826
1.0779
1.07754
1.07717
1.07681
1.07646
1.07612
1.0758
1.07549
1.07522
1.07508
1.07508
1.0752
1.07542
1.07573
1.07612
1.07658
1.07708
1.07763
1.0782
1.07866
1.07903
1.0793
1.07947
1.07956
1.07958
1.07952
1.0794
1.07923
1.07901
1.07887
1.07881
1.07882
1.07889
1.07901
1.07918
1.0794
1.07964
1.07991
1.0802
1.08038
1.08047
1.08046
1.08037
1.08021
1.07999
1.07972
1.0794
1.07905
1.07867
1.07839
1.07822
1.07813
1.07812
1.07819
1.07832
1.07851
1.07875
1.07903
1.07934
1.07955
1.07967
1.07971
1.07968
1.07958
1.07942
1.07921
1.07896
1.07868
1.07836
1.07815
1.07803
1.078
1.07805
1.07817
1.07834
1.07857
1.07884
1.07915
1.07949
1.07984
1.08021
1.08058
1.08095
1.08131
1.08167
1.082
1.08232
1.08262
1.08289
1.08326
1.08371
1.08422
1.08478
1.08538
1.086
1.08664
1.08728
1.08791
1.08852
1.08899
1.08932
1.08953
1.08961
1.08959
1.08947
1.08927
1.08899
1.08865
1.08826
1.08795
1.08772
1.08756
1.08746
1.08743
1.08746
1.08754
1.08766
1.08781
1.08801
1.08695
1.08478
1.08165
1.07769
1.07306
1.06789
1.0623
1.05643
1.05038
1.04428
1.0383
1.03253
1.02703
1.02185
1.01704
1.01263
1.00866
1.00513
1.00206
0.999451
0.997136
0.995126
0.99342
0.992014
0.990898
0.99006
0.989485
0.989155
0.989051
0.989151
0.989524
0.990137
0.990957
0.99195
0.993085
0.99433
0.995656
0.997034
0.998438
0.999846
1.00124
1.00259
1.00389
1.00511
1.00627
1.00733
1.00829
1.00916
1.00992
1.01057
1.01121
1.01183
1.01242
1.01298
1.01349
1.01396
1.01439
1.01476
1.01509
1.01537
1.01545
1.01535
1.01509
1.01469
1.01416
1.01354
1.01284
1.01208
1.01127
1.01043
1.00967
1.00899
1.00839
1.00788
1.00745
1.0071
1.00683
1.00664
1.00651
1.00645
1.0063
1.00607
1.00577
1.00542
1.00502
1.00458
1.00412
1.00364
1.00316
1.00267
1.00229
1.002
1.0018
1.00168
1.00164
1.00167
1.00176
1.0019
1.00209
1.00232
1.00244
1.00244
1.00235
1.00217
1.00192
1.0016
1.00124
1.00082
1.00038
0.99992
0.999684
0.999657
0.999817
1.00014
1.00062
1.00121
1.00191
1.00269
1.00353
1.00442
1.00518
1.00581
1.00633
1.00673
1.00701
1.0072
1.00728
1.00728
1.0072
1.00706
1.00693
1.00684
1.00678
1.00673
1.00672
1.00672
1.00674
1.00678
1.00683
1.0069
1.00706
1.00732
1.00765
1.00804
1.00848
1.00896
1.00946
1.00999
1.01052
1.01105
1.01142
1.01165
1.01173
1.0117
1.01155
1.0113
1.01097
1.01056
1.0101
1.00959
1.00914
1.00875
1.00842
1.00814
1.00792
1.00775
1.00763
1.00756
1.00753
1.00755
1.0076
1.00768
1.00778
1.00791
1.00806
1.00822
1.00839
1.00857
1.00876
1.00894
1.00921
1.00955
1.00996
1.01042
1.01092
1.01144
1.01198
1.01252
1.01306
1.0136
1.01396
1.01417
1.01424
1.01417
1.01399
1.01371
1.01334
1.0129
1.01239
1.01185
1.01136
1.01092
1.01055
1.01024
1.00998
1.00978
1.00964
1.00954
1.00949
1.00948
1.00936
1.00915
1.00884
1.00847
1.00803
1.00755
1.00703
1.00649
1.00594
1.00538
1.00492
1.00455
1.00427
1.00407
1.00395
1.00391
1.00393
1.00401
1.00414
1.00431
1.00438
1.00434
1.00421
1.004
1.00372
1.00338
1.003
1.00258
1.00213
1.00167
1.00143
1.00141
1.00158
1.00192
1.00241
1.00302
1.00374
1.00453
1.00539
1.0063
1.00707
1.00773
1.00826
1.00868
1.00898
1.00918
1.00928
1.00929
1.00922
1.00908
1.00897
1.00889
1.00883
1.00879
1.00877
1.00878
1.0088
1.00884
1.00889
1.00896
1.00888
1.00868
1.00836
1.00796
1.00747
1.00692
1.00632
1.00569
1.00504
1.00437
1.0038
1.00331
1.00292
1.00261
1.00238
1.00223
1.00215
1.00214
1.00218
1.00228
1.00252
1.00287
1.00333
1.00387
1.00447
1.00513
1.00583
1.00655
1.00728
1.00801
1.00872
1.00941
1.01007
1.0107
1.01128
1.01181
1.0123
1.01273
1.01311
1.01343
1.01379
1.01417
1.01458
1.01499
1.01541
1.01583
1.01624
1.01663
1.017
1.01735
1.01753
1.01755
1.01742
1.01716
1.01679
1.01633
1.01578
1.01518
1.01453
1.01384
1.01323
1.01269
1.01222
1.01183
1.0115
1.01125
1.01107
1.01094
1.01088
1.01087
1.01075
1.01055
1.01027
1.00992
1.00952
1.00908
1.0086
1.0081
1.00759
1.00708
1.00666
1.00634
1.0061
1.00595
1.00587
1.00586
1.00591
1.00602
1.00618
1.00638
1.00646
1.00644
1.00633
1.00613
1.00586
1.00553
1.00514
1.00472
1.00427
1.00381
1.00357
1.00354
1.0037
1.00403
1.00451
1.00511
1.00581
1.0066
1.00745
1.00834
1.00911
1.00975
1.01028
1.01068
1.01098
1.01117
1.01127
1.01127
1.0112
1.01106
1.01094
1.01085
1.01079
1.01076
1.01074
1.01075
1.01077
1.01081
1.01086
1.01093
1.01085
1.01065
1.01034
1.00994
1.00945
1.00891
1.00831
1.00768
1.00703
1.00637
1.00579
1.00531
1.00492
1.00461
1.00439
1.00424
1.00416
1.00415
1.00419
1.00429
1.00429
1.00419
1.004
1.00375
1.00344
1.00307
1.00267
1.00223
1.00178
1.00131
1.00109
1.00107
1.00126
1.00161
1.00212
1.00275
1.00349
1.00431
1.0052
1.00613
1.00717
1.00831
1.0095
1.01073
1.01198
1.01323
1.01445
1.01563
1.01676
1.01782
1.01866
1.01929
1.01972
1.01995
1.02002
1.01993
1.01969
1.01934
1.01888
1.01833
1.01781
1.0173
1.01683
1.0164
1.016
1.01564
1.01532
1.01505
1.01481
1.01462
1.01432
1.01392
1.01345
1.01291
1.01232
1.01169
1.01104
1.01038
1.00972
1.00907
1.00853
1.0081
1.00777
1.00753
1.00739
1.00733
1.00734
1.00742
1.00757
1.00776
1.00785
1.00785
1.00775
1.00758
1.00734
1.00705
1.00671
1.00633
1.00593
1.00551
1.00531
1.00533
1.00553
1.00591
1.00642
1.00706
1.0078
1.00861
1.00949
1.01041
1.0112
1.01186
1.0124
1.01281
1.01312
1.01331
1.01341
1.01342
1.01334
1.0132
1.01307
1.01298
1.01291
1.01286
1.01284
1.01283
1.01284
1.01287
1.01292
1.01297
1.01289
1.01268
1.01236
1.01194
1.01145
1.0109
1.0103
1.00966
1.00901
1.00834
1.00776
1.00728
1.00689
1.00658
1.00635
1.0062
1.00613
1.00611
1.00616
1.00626
1.00626
1.00616
1.00598
1.00573
1.00542
1.00506
1.00466
1.00422
1.00377
1.00331
1.00308
1.00307
1.00326
1.00362
1.00412
1.00476
1.0055
1.00632
1.00721
1.00814
1.00894
1.00962
1.01018
1.01062
1.01095
1.01116
1.01128
1.01131
1.01126
1.01113
1.01103
1.01095
1.0109
1.01087
1.01086
1.01086
1.01089
1.01092
1.01097
1.01103
1.01119
1.01144
1.01176
1.01214
1.01257
1.01304
1.01353
1.01405
1.01457
1.01509
1.01545
1.01567
1.01575
1.0157
1.01554
1.01529
1.01495
1.01454
1.01408
1.01357
1.01311
1.01272
1.01238
1.0121
1.01188
1.01172
1.0116
1.01153
1.01151
1.01152
1.01142
1.01122
1.01093
1.01057
1.01014
1.00967
1.00915
1.00861
1.00806
1.0075
1.00718
1.00709
1.0072
1.00749
1.00794
1.00853
1.00923
1.01002
1.01088
1.01179
1.01259
1.01326
1.01382
1.01427
1.01461
1.01484
1.01498
1.01503
1.015
1.0149
1.01482
1.01477
1.01474
1.01474
1.01475
1.01478
1.01483
1.01489
1.01496
1.01504
1.01497
1.01478
1.01448
1.01407
1.01359
1.01304
1.01244
1.01181
1.01115
1.01048
1.0099
1.00941
1.009
1.00868
1.00845
1.00829
1.0082
1.00818
1.00822
1.00831
1.00829
1.00819
1.008
1.00774
1.00742
1.00705
1.00664
1.00621
1.00575
1.00528
1.00505
1.00504
1.00522
1.00558
1.00609
1.00672
1.00746
1.00829
1.00918
1.01011
1.01092
1.0116
1.01216
1.0126
1.01293
1.01315
1.01327
1.0133
1.01325
1.01313
1.01303
1.01295
1.0129
1.01287
1.01286
1.01287
1.01289
1.01293
1.01298
1.01304
1.01296
1.01275
1.01244
1.01202
1.01153
1.01098
1.01037
1.00973
1.00907
1.0084
1.00782
1.00733
1.00693
1.00661
1.00638
1.00623
1.00614
1.00613
1.00617
1.00627
1.00626
1.00616
1.00598
1.00572
1.00541
1.00504
1.00464
1.00421
1.00375
1.00329
1.00291
1.00262
1.00241
1.00227
1.0022
1.0022
1.00225
1.00236
1.00251
1.00269
1.00315
1.00384
1.00474
1.00581
1.00701
1.00832
1.0097
1.01113
1.01257
1.01402
1.01529
1.01638
1.0173
1.01805
1.01863
1.01905
1.01933
1.01947
1.01948
1.01938
1.01927
1.01915
1.01902
1.0189
1.01877
1.01864
1.01852
1.0184
1.01829
1.01818
1.01793
1.01756
1.01708
1.01651
1.01587
1.01518
1.01445
1.0137
1.01293
1.01217
1.01151
1.01096
1.0105
1.01015
1.00988
1.00971
1.00962
1.0096
1.00965
1.00976
1.00977
1.0097
1.00954
1.00932
1.00904
1.00872
1.00835
1.00796
1.00755
1.00712
1.00693
1.00696
1.00718
1.00756
1.0081
1.00876
1.00953
1.01037
1.01128
1.01222
1.01304
1.01373
1.01429
1.01474
1.01507
1.01529
1.0154
1.01543
1.01537
1.01524
1.01513
1.01504
1.01498
1.01494
1.01492
1.01492
1.01493
1.01496
1.015
1.01506
1.01497
1.01475
1.01443
1.01401
1.01351
1.01295
1.01235
1.0117
1.01104
1.01037
1.00979
1.0093
1.0089
1.00858
1.00835
1.0082
1.00812
1.0081
1.00815
1.00825
1.00824
1.00814
1.00796
1.00771
1.0074
1.00704
1.00664
1.0062
1.00575
1.00529
1.00492
1.00463
1.00441
1.00428
1.00421
1.00421
1.00426
1.00436
1.00451
1.0047
1.00492
1.00516
1.00542
1.00569
1.00597
1.00625
1.00653
1.00681
1.00707
1.00732
1.00765
1.00804
1.00848
1.00896
1.00947
1.00999
1.01052
1.01105
1.01158
1.01208
1.01266
1.01328
1.01395
1.01464
1.01534
1.01604
1.01673
1.0174
1.01804
1.01865
1.01906
1.0193
1.01938
1.01931
1.0191
1.01878
1.01836
1.01786
1.01729
1.01666
1.01609
1.01558
1.01512
1.01472
1.01438
1.0141
1.01387
1.0137
1.01359
1.01351
1.01065
1.00532
0.997852
0.988564
0.977782
0.965817
0.952965
0.93951
0.925712
0.911813
0.898242
0.88517
0.872742
0.861081
0.850284
0.840429
0.831567
0.823733
0.816941
0.811189
0.80625
0.802116
0.798769
0.796179
0.794311
0.793121
0.792557
0.792566
0.793091
0.794073
0.795449
0.797162
0.799151
0.801358
0.80373
0.806213
0.80876
0.811326
0.81387
0.816357
0.818755
0.821037
0.82318
0.825166
0.826981
0.828614
0.83006
0.831316
0.832381
0.833259
0.833956
0.834478
0.834836
0.835041
0.835104
0.83504
0.834861
0.834583
0.834218
0.833782
0.833288
0.832748
0.832177
0.831585
0.830983
0.830382
0.82979
0.829216
0.828665
0.828145
0.82766
0.827213
0.826808
0.826446
0.826128
0.825856
0.825628
0.825443
0.8253
0.825197
0.824921
0.824494
0.823938
0.823273
0.82252
0.8217
0.820831
0.819932
0.819018
0.818106
0.817418
0.816943
0.816666
0.816572
0.816644
0.816864
0.817214
0.817676
0.818231
0.818862
0.819553
0.820286
0.821046
0.82182
0.822594
0.823357
0.824098
0.824808
0.825481
0.826108
0.826477
0.826606
0.826519
0.826237
0.825785
0.825187
0.824465
0.823644
0.822745
0.82179
0.820798
0.819789
0.818779
0.817783
0.816815
0.815886
0.815008
0.814186
0.81343
0.812742
0.812337
0.812193
0.812285
0.812588
0.813078
0.813727
0.81451
0.815403
0.81638
0.817419
0.818497
0.819596
0.820695
0.821779
0.822833
0.823844
0.824802
0.825696
0.826521
0.827271
0.827731
0.827924
0.827874
0.827607
0.827146
0.82652
0.825753
0.824872
0.823901
0.822863
0.821992
0.821282
0.820729
0.820326
0.820063
0.81993
0.819917
0.820011
0.820201
0.820474
0.820817
0.821219
0.821667
0.82215
0.822658
0.82318
0.823708
0.824232
0.824745
0.82524
0.825503
0.825551
0.825407
0.825091
0.824625
0.824031
0.823331
0.822547
0.821697
0.820802
0.81988
0.818946
0.818017
0.817105
0.816223
0.815381
0.814587
0.813849
0.813172
0.81256
0.812226
0.812147
0.812298
0.812655
0.813192
0.813882
0.8147
0.81562
0.816619
0.817674
0.818553
0.819261
0.819805
0.820192
0.820432
0.820537
0.820518
0.820389
0.820161
0.819849
0.819465
0.819023
0.818535
0.818012
0.817467
0.816909
0.816348
0.815793
0.815252
0.814731
0.814236
0.813772
0.813343
0.812952
0.8126
0.81229
0.812021
0.811794
0.811608
0.811461
0.811352
0.811279
0.811238
0.811229
0.811246
0.811289
0.811352
0.811435
0.811532
0.811642
0.811761
0.811886
0.812016
0.812148
0.812279
0.812408
0.812533
0.812652
0.812765
0.81287
0.812966
0.813054
0.813131
0.813199
0.813258
0.813306
0.813345
0.813375
0.813397
0.81341
0.813416
0.813415
0.813408
0.813395
0.813378
0.813357
0.813332
0.813305
0.813277
0.813246
0.813216
0.813185
0.813154
0.813124
0.813096
0.813068
0.813043
0.813019
0.812997
0.812978
0.812961
0.812946
0.812934
0.812923
0.812915
0.812909
0.812905
0.812903
0.812902
0.812903
0.812696
0.812303
0.811751
0.811062
0.810261
0.809372
0.808416
0.807414
0.806386
0.80535
0.804533
0.803924
0.803512
0.803284
0.803224
0.803317
0.803546
0.803894
0.804344
0.804878
0.805481
0.806136
0.806829
0.807545
0.808271
0.808996
0.809708
0.810399
0.811059
0.811682
0.812263
0.812797
0.81328
0.813711
0.814089
0.814412
0.814681
0.814899
0.815066
0.815185
0.81505
0.814688
0.814126
0.813394
0.812519
0.811529
0.81045
0.809307
0.808123
0.806922
0.805931
0.805146
0.804557
0.804153
0.803923
0.803852
0.803925
0.804127
0.804442
0.804853
0.805346
0.805904
0.806513
0.807159
0.807827
0.808506
0.809185
0.809853
0.810501
0.811122
0.811499
0.811651
0.811598
0.811362
0.810963
0.810425
0.809769
0.809018
0.808191
0.807309
0.806601
0.806059
0.805676
0.805441
0.805343
0.805369
0.805508
0.805744
0.806066
0.80646
0.806913
0.807411
0.807944
0.808499
0.809066
0.809636
0.810199
0.810747
0.811275
0.811776
0.812035
0.812072
0.81191
0.81157
0.811076
0.81045
0.809715
0.808893
0.808004
0.807069
0.806107
0.805134
0.804167
0.803219
0.802302
0.801428
0.800604
0.799839
0.799138
0.798505
0.798152
0.798058
0.798197
0.798544
0.799073
0.799759
0.800574
0.801494
0.802495
0.803553
0.804438
0.805152
0.805702
0.806097
0.806346
0.80646
0.806451
0.80633
0.806112
0.805809
0.805434
0.805
0.80452
0.804005
0.803466
0.802914
0.802358
0.801808
0.801271
0.800753
0.800471
0.800405
0.800534
0.800838
0.801293
0.801879
0.802573
0.803354
0.804201
0.805096
0.80602
0.806956
0.807889
0.808806
0.809694
0.810542
0.811343
0.812088
0.812773
0.813392
0.813734
0.81382
0.813676
0.813326
0.812796
0.812112
0.8113
0.810384
0.809389
0.808338
0.807252
0.806151
0.805053
0.803973
0.802927
0.801927
0.800983
0.800103
0.799295
0.798563
0.798122
0.797947
0.798016
0.798302
0.79878
0.799424
0.800207
0.801104
0.802089
0.80314
0.804023
0.804743
0.805305
0.805716
0.805985
0.806122
0.806139
0.806047
0.805858
0.805586
0.805242
0.804839
0.804388
0.803902
0.803391
0.802865
0.802333
0.801805
0.801288
0.800788
0.800311
0.799862
0.799445
0.799063
0.798719
0.798413
0.798146
0.797919
0.797731
0.797581
0.797467
0.797387
0.79734
0.797322
0.797331
0.797364
0.797419
0.797492
0.79758
0.79768
0.797791
0.797908
0.79803
0.798155
0.798279
0.798402
0.798522
0.798637
0.798746
0.798847
0.798941
0.799027
0.799103
0.79917
0.799228
0.799277
0.799317
0.799348
0.79937
0.799385
0.799393
0.799394
0.799389
0.799378
0.799363
0.799344
0.799322
0.799297
0.79927
0.799242
0.799213
0.799184
0.799155
0.799126
0.799099
0.799072
0.799048
0.799025
0.799004
0.798985
0.798968
0.798953
0.79894
0.79893
0.798922
0.798916
0.798911
0.798908
0.798908
0.798908
0.79891
0.798913
0.798917
0.798922
0.798927
0.798933
0.79894
0.798946
0.798953
0.79896
0.798967
0.798974
0.79898
0.798986
0.798992
0.798997
0.799001
0.799006
0.799009
0.799013
0.799015
0.799017
0.799019
0.79902
0.799021
0.799022
0.799022
0.799021
0.799021
0.79902
0.799019
0.799018
0.799016
0.799015
0.799013
0.799012
0.79901
0.799008
0.799007
0.799005
0.799004
0.799003
0.799001
0.799
0.798999
0.798998
0.798997
0.798997
0.798996
0.798996
0.798995
0.798995
0.798995
0.798995
0.798995
0.798995
0.798995
0.798995
0.798996
0.798996
0.798996
0.798997
0.798997
0.798997
0.798998
0.798998
0.798999
0.798999
0.798999
0.799
0.79879
0.798394
0.797837
0.797144
0.796337
0.795441
0.794478
0.793469
0.792434
0.791391
0.790567
0.789951
0.789533
0.789298
0.789233
0.78932
0.789544
0.789888
0.790333
0.790865
0.791465
0.792118
0.792809
0.793524
0.794249
0.794973
0.795686
0.796376
0.797037
0.797661
0.798243
0.798779
0.799264
0.799696
0.800075
0.8004
0.800671
0.80089
0.801059
0.80118
0.801256
0.801291
0.801288
0.801251
0.801184
0.801091
0.800976
0.800842
0.800695
0.800536
0.800371
0.800201
0.800031
0.799862
0.799697
0.799538
0.799387
0.799245
0.799114
0.798994
0.798886
0.798791
0.798708
0.798638
0.79858
0.798535
0.798501
0.798478
0.798465
0.798461
0.780721
0.747284
0.700222
0.641602
0.57346
0.497771
0.416424
0.331205
0.24378
0.155681
0.0681466
-0.0175665
-0.100355
-0.179269
-0.253513
-0.322439
-0.385547
-0.44247
-0.492974
-0.536943
-0.574521
-0.605784
-0.630893
-0.650088
-0.663672
-0.672003
-0.675481
-0.674538
-0.669632
-0.661232
-0.649723
-0.63559
-0.619306
-0.601331
-0.582103
-0.562036
-0.541516
-0.520895
-0.500493
-0.480593
-0.461595
-0.443692
-0.427044
-0.411776
-0.397978
-0.385709
-0.375002
-0.365861
-0.358266
-0.352176
-0.347443
-0.344001
-0.341774
-0.340673
-0.340601
-0.341458
-0.343137
-0.345532
-0.348534
-0.352037
-0.35609
-0.360576
-0.365385
-0.370412
-0.375561
-0.380741
-0.385872
-0.390881
-0.395707
-0.400294
-0.404749
-0.409016
-0.413052
-0.416818
-0.420285
-0.423432
-0.426242
-0.428708
-0.430826
-0.4326
-0.433798
-0.434459
-0.434627
-0.434349
-0.433673
-0.43265
-0.43133
-0.429761
-0.427993
-0.426072
-0.424192
-0.422377
-0.420648
-0.419022
-0.417513
-0.416133
-0.414888
-0.413785
-0.412825
-0.412009
-0.411244
-0.410537
-0.409893
-0.409315
-0.408805
-0.408364
-0.407991
-0.407686
-0.407446
-0.407268
-0.4073
-0.407518
-0.407902
-0.408429
-0.409077
-0.409824
-0.410649
-0.411531
-0.412453
-0.413395
-0.414492
-0.415713
-0.417025
-0.418401
-0.419813
-0.421237
-0.42265
-0.424032
-0.425365
-0.426634
-0.427737
-0.428674
-0.429447
-0.430061
-0.430522
-0.43084
-0.431023
-0.431082
-0.43103
-0.430877
-0.430786
-0.430753
-0.430771
-0.430837
-0.430943
-0.431084
-0.431255
-0.43145
-0.431664
-0.431891
-0.432038
-0.432109
-0.432111
-0.432052
-0.431937
-0.431775
-0.431573
-0.431337
-0.431075
-0.430793
-0.430647
-0.430626
-0.430718
-0.43091
-0.431189
-0.431542
-0.431957
-0.432421
-0.432922
-0.433449
-0.433902
-0.434281
-0.434588
-0.434825
-0.434997
-0.435106
-0.435158
-0.435157
-0.435109
-0.435019
-0.435043
-0.435168
-0.435384
-0.435677
-0.436036
-0.436449
-0.436903
-0.437388
-0.437895
-0.438412
-0.439081
-0.439877
-0.440775
-0.441752
-0.442785
-0.443853
-0.444936
-0.446017
-0.447079
-0.448109
-0.448855
-0.449333
-0.449563
-0.449567
-0.449367
-0.448986
-0.448449
-0.447779
-0.446999
-0.446132
-0.44535
-0.444655
-0.444051
-0.443536
-0.443109
-0.442769
-0.442511
-0.442331
-0.442224
-0.442185
-0.442116
-0.442023
-0.441909
-0.441777
-0.441632
-0.441477
-0.441316
-0.441151
-0.440985
-0.440821
-0.440811
-0.440939
-0.441191
-0.44155
-0.442
-0.442524
-0.443109
-0.443738
-0.444398
-0.445077
-0.445671
-0.446181
-0.446607
-0.446951
-0.447217
-0.447408
-0.447529
-0.447584
-0.447581
-0.447524
-0.447569
-0.447707
-0.447925
-0.448213
-0.448559
-0.448951
-0.449381
-0.449836
-0.450309
-0.450789
-0.45142
-0.452176
-0.453034
-0.453971
-0.454964
-0.455994
-0.457041
-0.458087
-0.459118
-0.460119
-0.460988
-0.461725
-0.462332
-0.462814
-0.463176
-0.463423
-0.463565
-0.463609
-0.463564
-0.46344
-0.463398
-0.463428
-0.463524
-0.463678
-0.463881
-0.464125
-0.464403
-0.464708
-0.465031
-0.465366
-0.465618
-0.46579
-0.465888
-0.465918
-0.465886
-0.465799
-0.465664
-0.465487
-0.465275
-0.465036
-0.464775
-0.464499
-0.464212
-0.463922
-0.463631
-0.463345
-0.463067
-0.462802
-0.46255
-0.462316
-0.46201
-0.461645
-0.461231
-0.460781
-0.460304
-0.45981
-0.459308
-0.458807
-0.458313
-0.457835
-0.457527
-0.457376
-0.45737
-0.457494
-0.457734
-0.458073
-0.458497
-0.458992
-0.459542
-0.460134
-0.460665
-0.461132
-0.461536
-0.461877
-0.462155
-0.462373
-0.462534
-0.462641
-0.462697
-0.462707
-0.462826
-0.46304
-0.463338
-0.463705
-0.464131
-0.464601
-0.465106
-0.465633
-0.466174
-0.466717
-0.467406
-0.468215
-0.469119
-0.470096
-0.471125
-0.472183
-0.473253
-0.474317
-0.47536
-0.476368
-0.47724
-0.477976
-0.478579
-0.479053
-0.479403
-0.479638
-0.479765
-0.479792
-0.47973
-0.479588
-0.479526
-0.479538
-0.479615
-0.479751
-0.479937
-0.480165
-0.480427
-0.480718
-0.481028
-0.481352
-0.481593
-0.481756
-0.481847
-0.481871
-0.481834
-0.481743
-0.481606
-0.481428
-0.481216
-0.480978
-0.480718
-0.480444
-0.48016
-0.479873
-0.479586
-0.479304
-0.479031
-0.478769
-0.478522
-0.478292
-0.477991
-0.47763
-0.47722
-0.476773
-0.4763
-0.475809
-0.47531
-0.474811
-0.47432
-0.473844
-0.473537
-0.473388
-0.473383
-0.473508
-0.473747
-0.474087
-0.474511
-0.475005
-0.475555
-0.476146
-0.476676
-0.477143
-0.477546
-0.477886
-0.478163
-0.47838
-0.47854
-0.478646
-0.478701
-0.47871
-0.478828
-0.479042
-0.479338
-0.479705
-0.48013
-0.4806
-0.481104
-0.481631
-0.482171
-0.482715
-0.483163
-0.483519
-0.483787
-0.483971
-0.484077
-0.484111
-0.484081
-0.483992
-0.483852
-0.483668
-0.483598
-0.483631
-0.483756
-0.483962
-0.484238
-0.484573
-0.484956
-0.485376
-0.485824
-0.486289
-0.486674
-0.48698
-0.48721
-0.48737
-0.487463
-0.487495
-0.487471
-0.487397
-0.48728
-0.487126
-0.48709
-0.487161
-0.487327
-0.487578
-0.487899
-0.48828
-0.488708
-0.489173
-0.489664
-0.490171
-0.490685
-0.491197
-0.4917
-0.492187
-0.492652
-0.493091
-0.4935
-0.493876
-0.494216
-0.494518
