110497
110272
114408
110250
110235
112370
110256
110340
110243
112390
110207
110277
110217
112522
110169
110415
110197
110417
110203
110212
110428
110202
110174
110208
110503
110228
110265
110251
112339
110259
112637
110247
112630
110230
112441
110230
110230
110449
110212
110226
110252
110249
110371
112605
110204
110289
111699
116748
112378
113220
113141
110283
112360
110236
112425
110214
110310
110254
110266
112649
110199
110190
110214
110225
110314
111259
111278
111281
111220
111232
111254
111449
110249
110463
110253
110244
110269
112549
110275
110341
110271
110220
110233
110255
110233
110223
110264
111259
111324
113338
111206
111247
110223
110244
110241
110240
110360
110221
110254
110195
110196
110202
112407
112405
113103
112372
114499
112385
110206
110261
110214
110391
110247
110220
110212
110241
110251
110270
110171
110241
112379
110179
110255
110212
110238
112315
113456
110255
111395
111723
110265
110301
110276
110228
112389
112400
110306
110313
112449
110293
110278
110268
110491
110574
110659
110493
114571
110276
112351
110243
110322
110271
110517
110246
110278
110270
110212
110442
110246
113876
112544
111783
113140
114156
112506
113586
112479
112330
110776
110250
111351
110291
110341
110316
110321
110519
110825
111257
110649
