122732
124351
120453
120582
120231
120051
120922
120578
122269
120046
120407
120128
120239
122910
119999
120006
120492
122241
120548
121231
125102
121361
121361
120197
121396
120440
121368
121206
123765
121301
120360
121433
119961
119987
119897
120283
120361
121199
119936
119958
119924
121480
120042
119961
120646
120376
121159
120027
120105
122344
121179
123875
121253
123023
121150
121144
123135
121161
124587
120047
120146
121238
124399
120182
120355
121459
120984
120164
121073
121108
123544
121496
121016
120062
120131
120078
121201
120106
120026
119969
121256
120666
124319
120233
120028
122577
121270
121036
120431
121793
120929
120723
121778
120515
120553
120189
121069
120151
122618
122364
122381
120640
120395
120448
120604
120107
120952
120247
120601
122914
120122
120558
120106
120055
120404
120408
120071
120406
120025
120586
119897
119987
120026
120027
119821
119796
119794
120922
120393
120079
120463
122079
123795
122008
121068
119539
124873
119649
119598
121318
119968
121182
120904
120730
120862
121515
122076
121828
121927
119531
120114
119798
119818
119549
119495
119775
119800
119429
119767
119831
119895
120407
119508
121535
119493
120661
120445
119748
120424
120253
121981
121706
121707
119774
119849
120848
119472
121920
120364
