37063
37289
36926
36993
37324
38797
37121
37821
36419
37290
38707
36441
36420
36428
36439
36914
36409
37426
36454
36423
38766
36440
38771
37782
37455
37851
37405
37357
37797
37173
37837
36413
37797
37804
36395
37776
37818
38494
38573
36411
36373
37404
36428
36384
36394
36398
37473
36446
36385
36400
36374
37407
36382
36435
36431
36405
36390
36373
36377
36446
36406
36405
37412
36399
37377
36501
36453
36386
36447
37410
37738
37376
37821
36367
37774
37746
36394
38855
38952
36433
37128
36679
37816
37767
36395
38467
40100
36453
36414
36390
37439
36898
37395
36407
37412
37505
37428
36957
36391
36411
37376
36406
36394
37412
36393
36418
36468
36383
36395
36366
36388
36405
36644
36386
36419
36436
36405
36424
36413
36376
37486
38605
38537
36408
36475
36422
36908
36426
36435
36766
36442
36441
36445
37466
36436
36451
36468
36419
36972
37396
36990
39557
36446
37430
36382
36492
36497
36424
36397
36507
36579
36427
36417
36406
36403
36416
36443
36413
36396
36413
36415
36430
36436
36411
36404
36446
36388
36710
37123
37830
36455
37832
37791
37778
36435
37761
36404
37822
37813
