47691
44190
44099
43851
44931
43854
43724
45110
43743
44253
45366
43794
44606
44606
44672
45104
44410
45193
44967
44025
44996
44097
44988
43690
46926
43809
44997
43669
44978
45076
45642
44092
44983
44081
43792
44956
44660
47899
43636
46273
43633
43738
46137
45078
44293
44275
44141
44164
43793
45002
43677
43657
44282
44095
44285
44965
43646
43673
45382
43969
44002
45225
44317
43880
44876
43917
44867
44522
47543
44180
44811
43871
43998
44492
44727
43853
44766
45243
44002
44059
44800
45175
45433
43875
43892
43863
43907
46260
44538
43872
43900
44781
43936
44747
43802
43567
43583
43556
43605
44557
44947
44117
44298
43975
43621
44467
44259
44501
44926
43537
43523
43597
43664
43622
43866
43965
43562
44873
43594
43556
43617
44209
44031
43505
44157
43584
44352
43755
43507
44800
44239
44227
44505
43625
43789
43574
44492
43997
44988
43598
44022
43582
44286
44595
43702
44215
43632
43655
43604
44094
43576
43287
43738
43693
43340
43941
43271
43373
44647
43389
43353
44759
43366
43758
43967
43334
43399
45485
43365
44243
43397
43356
43330
43391
43818
43401
43329
43348
43524
