13627
13746
13715
13775
13633
13680
13628
13680
13756
13813
13672
13684
13779
13704
13686
13733
13704
13927
13903
13693
13752
13724
13630
13638
13675
13742
13649
13692
13706
13722
13929
13736
13670
13632
13980
13690
13608
13606
13608
13611
13750
13645
13598
13604
13658
13860
13759
13682
13624
13764
14652
13628
13624
13615
13810
13602
13615
13608
13610
13604
13855
13717
13792
13678
15153
13986
13882
13723
13794
13622
13659
13702
13640
13649
13619
13613
13610
13658
13710
13700
13688
13675
14057
13894
13970
13750
13778
13738
13737
13732
13741
13610
13606
13761
13913
13733
13700
13666
13847
13832
13742
13630
13610
13696
13677
13600
13740
13604
13605
13685
13735
13667
13757
13625
13858
13869
13680
13636
13709
13605
13651
13675
13702
13815
13616
13638
13660
13743
13755
13674
13663
13963
13855
13771
13616
13699
13652
13606
13752
13600
13608
13614
13659
13766
13716
13754
13668
13848
15480
14080
13639
13618
13713
13665
13839
13696
13616
13854
13685
13695
13766
13790
13881
13928
13882
14010
13843
13626
13729
13707
13645
13649
13604
13610
13695
13614
13674
13691
13663
13619
13848
13812
13817
13641
13678
13632
13643
13692
13656
13707
13607
13798
13605
13836
13727
13651
13934
13784
13936
13814
13625
13666
13772
13793
13607
13653
13609
13610
13650
13768
13648
13652
13850
13687
13937
13809
13684
13712
13941
13886
13718
13722
13732
13664
13633
13751
13640
13610
13823
13651
13815
13777
13856
13863
14127
13830
13771
13724
13657
13727
13608
13711
13656
13607
13603
13603
13625
13943
13880
13665
13943
13999
13882
13872
13794
13864
14505
13865
13755
13902
13654
13706
13606
13695
13645
13614
13601
13669
13759
14114
13627
13635
13674
13875
13682
13616
13601
13606
13640
13658
13648
13612
13643
13654
13622
13642
13727
13755
13760
13722
13751
13705
13825
13668
13686
13876
13664
13639
13636
13687
13718
