3.0365e+06
3.0365e+06
3.0365e+06
3.0365e+06
3.0365e+06
3.06656e+06
3.06656e+06
3.06656e+06
3.06656e+06
3.06656e+06
3.09663e+06
3.09663e+06
3.09663e+06
3.09663e+06
3.09663e+06
3.12669e+06
3.12669e+06
3.12669e+06
3.12669e+06
3.12669e+06
3.15676e+06
3.15676e+06
3.15676e+06
3.15676e+06
3.15676e+06
3.18682e+06
3.18682e+06
3.18682e+06
3.18682e+06
3.18682e+06
3.21689e+06
3.21689e+06
3.21689e+06
3.21689e+06
3.21689e+06
3.24695e+06
3.24695e+06
3.24695e+06
3.24695e+06
3.24695e+06
3.27702e+06
3.27702e+06
3.27702e+06
3.27702e+06
3.27702e+06
3.30708e+06
3.30708e+06
3.30708e+06
3.30708e+06
3.30708e+06
3.33715e+06
3.33715e+06
3.33715e+06
3.33715e+06
3.33715e+06
3.36721e+06
3.36721e+06
3.36721e+06
3.36721e+06
3.36721e+06
3.39728e+06
3.39728e+06
3.39728e+06
3.39728e+06
3.39728e+06
3.42734e+06
3.42734e+06
3.42734e+06
3.42734e+06
3.42734e+06
3.45741e+06
3.45741e+06
3.45741e+06
3.45741e+06
3.45741e+06
3.48747e+06
3.48747e+06
3.48747e+06
3.48747e+06
3.48747e+06
3.51754e+06
3.51754e+06
3.51754e+06
3.51754e+06
3.51754e+06
3.5476e+06
3.5476e+06
3.5476e+06
3.5476e+06
3.5476e+06
3.57766e+06
3.57766e+06
3.57766e+06
3.57766e+06
3.57766e+06
3.60773e+06
3.60773e+06
3.60773e+06
3.60773e+06
3.60773e+06
3.63779e+06
3.63779e+06
3.63779e+06
3.63779e+06
3.63779e+06
3.66786e+06
3.66786e+06
3.66786e+06
3.66786e+06
3.66786e+06
3.69792e+06
3.69792e+06
3.69792e+06
3.69792e+06
3.69792e+06
3.72799e+06
3.72799e+06
3.72799e+06
3.72799e+06
3.72799e+06
3.75805e+06
3.75805e+06
3.75805e+06
3.75805e+06
3.75805e+06
3.78812e+06
3.78812e+06
3.78812e+06
3.78812e+06
3.78812e+06
3.81818e+06
3.81818e+06
3.81818e+06
3.81818e+06
3.81818e+06
3.84825e+06
3.84825e+06
3.84825e+06
3.84825e+06
3.84825e+06
3.87831e+06
3.87831e+06
3.87831e+06
3.87831e+06
3.87831e+06
3.90838e+06
3.90838e+06
3.90838e+06
3.90838e+06
3.90838e+06
3.93844e+06
3.93844e+06
3.93844e+06
3.93844e+06
3.93844e+06
3.96851e+06
3.96851e+06
3.96851e+06
3.96851e+06
3.96851e+06
3.99857e+06
3.99857e+06
3.99857e+06
3.99857e+06
3.99857e+06
4.02864e+06
4.02864e+06
4.02864e+06
4.02864e+06
4.02864e+06
4.0587e+06
4.0587e+06
4.0587e+06
4.0587e+06
4.0587e+06
4.08877e+06
4.08877e+06
4.08877e+06
4.08877e+06
4.08877e+06
4.11883e+06
4.11883e+06
4.11883e+06
4.11883e+06
4.11883e+06
4.1489e+06
4.1489e+06
4.1489e+06
4.1489e+06
4.1489e+06
4.17896e+06
4.17896e+06
4.17896e+06
4.17896e+06
4.17896e+06
4.20902e+06
4.20902e+06
4.20902e+06
4.20902e+06
4.20902e+06
4.23909e+06
4.23909e+06
4.23909e+06
4.23909e+06
4.23909e+06
4.26915e+06
4.26915e+06
4.26915e+06
4.26915e+06
4.26915e+06
4.29922e+06
4.29922e+06
4.29922e+06
4.29922e+06
4.29922e+06
4.32928e+06
4.32928e+06
4.32928e+06
4.32928e+06
4.32928e+06
4.35935e+06
4.35935e+06
4.35935e+06
4.35935e+06
4.35935e+06
4.38941e+06
4.38941e+06
4.38941e+06
4.38941e+06
4.38941e+06
4.41948e+06
4.41948e+06
4.41948e+06
4.41948e+06
4.41948e+06
4.44954e+06
4.44954e+06
4.44954e+06
4.44954e+06
4.44954e+06
4.47961e+06
4.47961e+06
4.47961e+06
4.47961e+06
4.47961e+06
4.50967e+06
4.50967e+06
4.50967e+06
4.50967e+06
4.50967e+06
4.53974e+06
4.53974e+06
4.53974e+06
4.53974e+06
4.53974e+06
4.5698e+06
4.5698e+06
4.5698e+06
4.5698e+06
4.5698e+06
4.59987e+06
4.59987e+06
4.59987e+06
4.59987e+06
4.59987e+06
4.62993e+06
4.62993e+06
4.62993e+06
4.62993e+06
4.62993e+06
4.66e+06
4.66e+06
4.66e+06
4.66e+06
4.66e+06
4.69006e+06
4.69006e+06
4.69006e+06
4.69006e+06
4.69006e+06
4.72013e+06
4.72013e+06
4.72013e+06
4.72013e+06
4.72013e+06
4.75019e+06
4.75019e+06
4.75019e+06
4.75019e+06
4.75019e+06
4.78026e+06
4.78026e+06
4.78026e+06
4.78026e+06
4.78026e+06
4.81032e+06
4.81032e+06
4.81032e+06
4.81032e+06
4.81032e+06
4.84038e+06
4.84038e+06
4.84038e+06
4.84038e+06
4.84038e+06
4.87045e+06
4.87045e+06
4.87045e+06
4.87045e+06
4.87045e+06
4.90051e+06
4.90051e+06
4.90051e+06
4.90051e+06
4.90051e+06
4.93058e+06
4.93058e+06
4.93058e+06
4.93058e+06
4.93058e+06
4.96064e+06
4.96064e+06
4.96064e+06
4.96064e+06
4.96064e+06
4.99071e+06
4.99071e+06
4.99071e+06
4.99071e+06
4.99071e+06
5.02077e+06
5.02077e+06
5.02077e+06
5.02077e+06
5.02077e+06
5.05084e+06
5.05084e+06
5.05084e+06
5.05084e+06
5.05084e+06
5.0809e+06
5.0809e+06
5.0809e+06
5.0809e+06
5.0809e+06
5.11097e+06
5.11097e+06
5.11097e+06
5.11097e+06
5.11097e+06
5.14103e+06
5.14103e+06
5.14103e+06
5.14103e+06
5.14103e+06
5.1711e+06
5.1711e+06
5.1711e+06
5.1711e+06
5.1711e+06
5.20116e+06
5.20116e+06
5.20116e+06
5.20116e+06
5.20116e+06
5.23123e+06
5.23123e+06
5.23123e+06
5.23123e+06
5.23123e+06
5.26129e+06
5.26129e+06
5.26129e+06
5.26129e+06
5.26129e+06
5.29136e+06
5.29136e+06
5.29136e+06
5.29136e+06
5.29136e+06
5.32142e+06
5.32142e+06
5.32142e+06
5.32142e+06
5.32142e+06
5.35149e+06
5.35149e+06
5.35149e+06
5.35149e+06
5.35149e+06
5.38155e+06
5.38155e+06
5.38155e+06
5.38155e+06
5.38155e+06
5.41162e+06
5.41162e+06
5.41162e+06
5.41162e+06
5.41162e+06
5.44168e+06
5.44168e+06
5.44168e+06
5.44168e+06
5.44168e+06
5.47175e+06
5.47175e+06
5.47175e+06
5.47175e+06
5.47175e+06
5.50181e+06
5.50181e+06
5.50181e+06
5.50181e+06
5.50181e+06
5.53188e+06
5.53188e+06
5.53188e+06
5.53188e+06
5.53188e+06
5.56194e+06
5.56194e+06
5.56194e+06
5.56194e+06
5.56194e+06
5.592e+06
5.592e+06
5.592e+06
5.592e+06
5.592e+06
5.62207e+06
5.62207e+06
5.62207e+06
5.62207e+06
5.62207e+06
5.65213e+06
5.65213e+06
5.65213e+06
5.65213e+06
5.65213e+06
5.6822e+06
5.6822e+06
5.6822e+06
5.6822e+06
5.6822e+06
5.71226e+06
5.71226e+06
5.71226e+06
5.71226e+06
5.71226e+06
5.74233e+06
5.74233e+06
5.74233e+06
5.74233e+06
5.74233e+06
5.77239e+06
5.77239e+06
5.77239e+06
5.77239e+06
5.77239e+06
5.80246e+06
5.80246e+06
5.80246e+06
5.80246e+06
5.80246e+06
5.83252e+06
5.83252e+06
5.83252e+06
5.83252e+06
5.83252e+06
5.86259e+06
5.86259e+06
5.86259e+06
5.86259e+06
5.86259e+06
5.89265e+06
5.89265e+06
5.89265e+06
5.89265e+06
5.89265e+06
5.92272e+06
5.92272e+06
5.92272e+06
5.92272e+06
5.92272e+06
5.95278e+06
5.95278e+06
5.95278e+06
5.95278e+06
5.95278e+06
5.98285e+06
5.98285e+06
5.98285e+06
5.98285e+06
5.98285e+06
6.01291e+06
6.01291e+06
6.01291e+06
6.01291e+06
6.01291e+06
6.04298e+06
6.04298e+06
6.04298e+06
6.04298e+06
6.04298e+06
6.07304e+06
6.07304e+06
6.07304e+06
6.07304e+06
6.07304e+06
6.10311e+06
6.10311e+06
6.10311e+06
6.10311e+06
6.10311e+06
6.13317e+06
6.13317e+06
6.13317e+06
6.13317e+06
6.13317e+06
6.16324e+06
6.16324e+06
6.16324e+06
6.16324e+06
6.16324e+06
6.1933e+06
6.1933e+06
6.1933e+06
6.1933e+06
6.1933e+06
6.22336e+06
6.22336e+06
6.22336e+06
6.22336e+06
6.22336e+06
6.25343e+06
6.25343e+06
6.25343e+06
6.25343e+06
6.25343e+06
6.28349e+06
6.28349e+06
6.28349e+06
6.28349e+06
6.28349e+06
6.31356e+06
6.31356e+06
6.31356e+06
6.31356e+06
6.31356e+06
6.34362e+06
6.34362e+06
6.34362e+06
6.34362e+06
6.34362e+06
6.37369e+06
6.37369e+06
6.37369e+06
6.37369e+06
6.37369e+06
6.40375e+06
6.40375e+06
6.40375e+06
6.40375e+06
6.40375e+06
6.43382e+06
6.43382e+06
6.43382e+06
6.43382e+06
6.43382e+06
6.46388e+06
6.46388e+06
6.46388e+06
6.46388e+06
6.46388e+06
6.49395e+06
6.49395e+06
6.49395e+06
6.49395e+06
6.49395e+06
6.52401e+06
6.52401e+06
6.52401e+06
6.52401e+06
6.52401e+06
6.55408e+06
6.55408e+06
6.55408e+06
6.55408e+06
6.55408e+06
6.58414e+06
6.58414e+06
6.58414e+06
6.58414e+06
6.58414e+06
6.61421e+06
6.61421e+06
6.61421e+06
6.61421e+06
6.61421e+06
6.64427e+06
6.64427e+06
6.64427e+06
6.64427e+06
6.64427e+06
6.67434e+06
6.67434e+06
6.67434e+06
6.67434e+06
6.67434e+06
6.7044e+06
6.7044e+06
6.7044e+06
6.7044e+06
6.7044e+06
6.73447e+06
6.73447e+06
6.73447e+06
6.73447e+06
6.73447e+06
6.76453e+06
6.76453e+06
6.76453e+06
6.76453e+06
6.76453e+06
6.7946e+06
6.7946e+06
6.7946e+06
6.7946e+06
6.7946e+06
6.82466e+06
6.82466e+06
6.82466e+06
6.82466e+06
6.82466e+06
6.85472e+06
6.85472e+06
6.85472e+06
6.85472e+06
6.85472e+06
6.88479e+06
6.88479e+06
6.88479e+06
6.88479e+06
6.88479e+06
6.91485e+06
6.91485e+06
6.91485e+06
6.91485e+06
6.91485e+06
6.94492e+06
6.94492e+06
6.94492e+06
6.94492e+06
6.94492e+06
6.97498e+06
6.97498e+06
6.97498e+06
6.97498e+06
6.97498e+06
7.00505e+06
7.00505e+06
7.00505e+06
7.00505e+06
7.00505e+06
7.03511e+06
7.03511e+06
7.03511e+06
7.03511e+06
7.03511e+06
7.06518e+06
7.06518e+06
7.06518e+06
7.06518e+06
7.06518e+06
7.09524e+06
7.09524e+06
7.09524e+06
7.09524e+06
7.09524e+06
7.12531e+06
7.12531e+06
7.12531e+06
7.12531e+06
7.12531e+06
7.15537e+06
7.15537e+06
7.15537e+06
7.15537e+06
7.15537e+06
7.18544e+06
7.18544e+06
7.18544e+06
7.18544e+06
7.18544e+06
7.2155e+06
7.2155e+06
7.2155e+06
7.2155e+06
7.2155e+06
7.24557e+06
7.24557e+06
7.24557e+06
7.24557e+06
7.24557e+06
7.27563e+06
7.27563e+06
7.27563e+06
7.27563e+06
7.27563e+06
7.3057e+06
7.3057e+06
7.3057e+06
7.3057e+06
7.3057e+06
7.33576e+06
7.33576e+06
7.33576e+06
7.33576e+06
7.33576e+06
7.36583e+06
7.36583e+06
7.36583e+06
7.36583e+06
7.36583e+06
7.39589e+06
7.39589e+06
7.39589e+06
7.39589e+06
7.39589e+06
7.42596e+06
7.42596e+06
7.42596e+06
7.42596e+06
7.42596e+06
7.45602e+06
7.45602e+06
7.45602e+06
7.45602e+06
7.45602e+06
7.48608e+06
7.48608e+06
7.48608e+06
7.48608e+06
7.48608e+06
7.51615e+06
7.51615e+06
7.51615e+06
7.51615e+06
7.51615e+06
7.54621e+06
7.54621e+06
7.54621e+06
7.54621e+06
7.54621e+06
7.57628e+06
7.57628e+06
7.57628e+06
7.57628e+06
7.57628e+06
7.60634e+06
7.60634e+06
7.60634e+06
7.60634e+06
7.60634e+06
7.63641e+06
7.63641e+06
7.63641e+06
7.63641e+06
7.63641e+06
7.66647e+06
7.66647e+06
7.66647e+06
7.66647e+06
7.66647e+06
7.69654e+06
7.69654e+06
7.69654e+06
7.69654e+06
7.69654e+06
7.7266e+06
7.7266e+06
7.7266e+06
7.7266e+06
7.7266e+06
7.75667e+06
7.75667e+06
7.75667e+06
7.75667e+06
7.75667e+06
7.78673e+06
7.78673e+06
7.78673e+06
7.78673e+06
7.78673e+06
7.8168e+06
7.8168e+06
7.8168e+06
7.8168e+06
7.8168e+06
7.84686e+06
7.84686e+06
7.84686e+06
7.84686e+06
7.84686e+06
7.87693e+06
7.87693e+06
7.87693e+06
7.87693e+06
7.87693e+06
7.90699e+06
7.90699e+06
7.90699e+06
7.90699e+06
7.90699e+06
7.93706e+06
7.93706e+06
7.93706e+06
7.93706e+06
7.93706e+06
7.96712e+06
7.96712e+06
7.96712e+06
7.96712e+06
7.96712e+06
7.99719e+06
7.99719e+06
7.99719e+06
7.99719e+06
7.99719e+06
8.02725e+06
8.02725e+06
8.02725e+06
8.02725e+06
8.02725e+06
8.05732e+06
8.05732e+06
8.05732e+06
8.05732e+06
8.05732e+06
8.08738e+06
8.08738e+06
8.08738e+06
8.08738e+06
8.08738e+06
8.11744e+06
8.11744e+06
8.11744e+06
8.11744e+06
8.11744e+06
8.14751e+06
8.14751e+06
8.14751e+06
8.14751e+06
8.14751e+06
8.17757e+06
8.17757e+06
8.17757e+06
8.17757e+06
8.17757e+06
8.20764e+06
8.20764e+06
8.20764e+06
8.20764e+06
8.20764e+06
8.2377e+06
8.2377e+06
8.2377e+06
8.2377e+06
8.2377e+06
8.26777e+06
8.26777e+06
8.26777e+06
8.26777e+06
8.26777e+06
8.29783e+06
8.29783e+06
8.29783e+06
8.29783e+06
8.29783e+06
8.3279e+06
8.3279e+06
8.3279e+06
8.3279e+06
8.3279e+06
8.35796e+06
8.35796e+06
8.35796e+06
8.35796e+06
8.35796e+06
8.38803e+06
8.38803e+06
8.38803e+06
8.38803e+06
8.38803e+06
8.41809e+06
8.41809e+06
8.41809e+06
8.41809e+06
8.41809e+06
8.44816e+06
8.44816e+06
8.44816e+06
8.44816e+06
8.44816e+06
8.47822e+06
8.47822e+06
8.47822e+06
8.47822e+06
8.47822e+06
8.50829e+06
8.50829e+06
8.50829e+06
8.50829e+06
8.50829e+06
8.53835e+06
8.53835e+06
8.53835e+06
8.53835e+06
8.53835e+06
8.56842e+06
8.56842e+06
8.56842e+06
8.56842e+06
8.56842e+06
8.59848e+06
8.59848e+06
8.59848e+06
8.59848e+06
8.59848e+06
8.62855e+06
8.62855e+06
8.62855e+06
8.62855e+06
8.62855e+06
8.65861e+06
8.65861e+06
8.65861e+06
8.65861e+06
8.65861e+06
8.68868e+06
8.68868e+06
8.68868e+06
8.68868e+06
8.68868e+06
8.71874e+06
8.71874e+06
8.71874e+06
8.71874e+06
8.71874e+06
8.7488e+06
8.7488e+06
8.7488e+06
8.7488e+06
8.7488e+06
8.77887e+06
8.77887e+06
8.77887e+06
8.77887e+06
8.77887e+06
8.80893e+06
8.80893e+06
8.80893e+06
8.80893e+06
8.80893e+06
8.839e+06
8.839e+06
8.839e+06
8.839e+06
8.839e+06
8.86906e+06
8.86906e+06
8.86906e+06
8.86906e+06
8.86906e+06
8.89913e+06
8.89913e+06
8.89913e+06
8.89913e+06
8.89913e+06
8.92919e+06
8.92919e+06
8.92919e+06
8.92919e+06
8.92919e+06
8.95926e+06
8.95926e+06
8.95926e+06
8.95926e+06
8.95926e+06
8.98932e+06
8.98932e+06
8.98932e+06
8.98932e+06
8.98932e+06
9.01939e+06
9.01939e+06
9.01939e+06
9.01939e+06
9.01939e+06
9.04945e+06
9.04945e+06
9.04945e+06
9.04945e+06
9.04945e+06
9.07952e+06
9.07952e+06
9.07952e+06
9.07952e+06
9.07952e+06
9.10958e+06
9.10958e+06
9.10958e+06
9.10958e+06
9.10958e+06
9.13965e+06
9.13965e+06
9.13965e+06
9.13965e+06
9.13965e+06
9.16971e+06
9.16971e+06
9.16971e+06
9.16971e+06
9.16971e+06
9.19978e+06
9.19978e+06
9.19978e+06
9.19978e+06
9.19978e+06
9.22984e+06
9.22984e+06
9.22984e+06
9.22984e+06
9.22984e+06
9.25991e+06
9.25991e+06
9.25991e+06
9.25991e+06
9.25991e+06
9.28997e+06
9.28997e+06
9.28997e+06
9.28997e+06
9.28997e+06
9.32004e+06
9.32004e+06
9.32004e+06
9.32004e+06
9.32004e+06
9.3501e+06
9.3501e+06
9.3501e+06
9.3501e+06
9.3501e+06
9.38016e+06
9.38016e+06
9.38016e+06
9.38016e+06
9.38016e+06
9.41023e+06
9.41023e+06
9.41023e+06
9.41023e+06
9.41023e+06
9.44029e+06
9.44029e+06
9.44029e+06
9.44029e+06
9.44029e+06
9.47036e+06
9.47036e+06
9.47036e+06
9.47036e+06
9.47036e+06
9.50042e+06
9.50042e+06
9.50042e+06
9.50042e+06
9.50042e+06
9.53049e+06
9.53049e+06
9.53049e+06
9.53049e+06
9.53049e+06
9.56055e+06
9.56055e+06
9.56055e+06
9.56055e+06
9.56055e+06
9.59062e+06
9.59062e+06
9.59062e+06
9.59062e+06
9.59062e+06
9.62068e+06
9.62068e+06
9.62068e+06
9.62068e+06
9.62068e+06
9.65075e+06
9.65075e+06
9.65075e+06
9.65075e+06
9.65075e+06
9.68081e+06
9.68081e+06
9.68081e+06
9.68081e+06
9.68081e+06
9.71088e+06
9.71088e+06
9.71088e+06
9.71088e+06
9.71088e+06
9.74094e+06
9.74094e+06
9.74094e+06
9.74094e+06
9.74094e+06
9.77101e+06
9.77101e+06
9.77101e+06
9.77101e+06
9.77101e+06
9.80107e+06
9.80107e+06
9.80107e+06
9.80107e+06
9.80107e+06
9.83114e+06
9.83114e+06
9.83114e+06
9.83114e+06
9.83114e+06
9.8612e+06
9.8612e+06
9.8612e+06
9.8612e+06
9.8612e+06
9.89127e+06
9.89127e+06
9.89127e+06
9.89127e+06
9.89127e+06
9.92133e+06
9.92133e+06
9.92133e+06
9.92133e+06
9.92133e+06
9.9514e+06
9.9514e+06
9.9514e+06
9.9514e+06
9.9514e+06
9.98146e+06
9.98146e+06
9.98146e+06
9.98146e+06
9.98146e+06
1.00115e+07
1.00115e+07
1.00115e+07
1.00115e+07
1.00115e+07
1.00416e+07
1.00416e+07
1.00416e+07
1.00416e+07
1.00416e+07
1.00717e+07
1.00717e+07
1.00717e+07
1.00717e+07
1.00717e+07
1.01017e+07
1.01017e+07
1.01017e+07
1.01017e+07
1.01017e+07
1.01318e+07
1.01318e+07
1.01318e+07
1.01318e+07
1.01318e+07
1.01618e+07
1.01618e+07
1.01618e+07
1.01618e+07
1.01618e+07
1.01919e+07
1.01919e+07
1.01919e+07
1.01919e+07
1.01919e+07
1.0222e+07
1.0222e+07
1.0222e+07
1.0222e+07
1.0222e+07
1.0252e+07
1.0252e+07
1.0252e+07
1.0252e+07
1.0252e+07
1.02821e+07
1.02821e+07
1.02821e+07
1.02821e+07
1.02821e+07
1.03122e+07
1.03122e+07
1.03122e+07
1.03122e+07
1.03122e+07
1.03422e+07
1.03422e+07
1.03422e+07
1.03422e+07
1.03422e+07
1.03723e+07
1.03723e+07
1.03723e+07
1.03723e+07
1.03723e+07
1.04024e+07
1.04024e+07
1.04024e+07
1.04024e+07
1.04024e+07
1.04324e+07
1.04324e+07
1.04324e+07
1.04324e+07
1.04324e+07
1.04625e+07
1.04625e+07
1.04625e+07
1.04625e+07
1.04625e+07
1.04926e+07
1.04926e+07
1.04926e+07
1.04926e+07
1.04926e+07
1.05226e+07
1.05226e+07
1.05226e+07
1.05226e+07
1.05226e+07
1.05527e+07
1.05527e+07
1.05527e+07
1.05527e+07
1.05527e+07
1.05828e+07
1.05828e+07
1.05828e+07
1.05828e+07
1.05828e+07
1.06128e+07
1.06128e+07
1.06128e+07
1.06128e+07
1.06128e+07
1.06429e+07
1.06429e+07
1.06429e+07
1.06429e+07
1.06429e+07
1.0673e+07
1.0673e+07
1.0673e+07
1.0673e+07
1.0673e+07
1.0703e+07
1.0703e+07
1.0703e+07
1.0703e+07
1.0703e+07
1.07331e+07
1.07331e+07
1.07331e+07
1.07331e+07
1.07331e+07
1.07631e+07
1.07631e+07
1.07631e+07
1.07631e+07
1.07631e+07
1.07932e+07
1.07932e+07
1.07932e+07
1.07932e+07
1.07932e+07
1.08233e+07
1.08233e+07
1.08233e+07
1.08233e+07
1.08233e+07
1.08533e+07
1.08533e+07
1.08533e+07
1.08533e+07
1.08533e+07
1.08834e+07
1.08834e+07
1.08834e+07
1.08834e+07
1.08834e+07
1.09135e+07
1.09135e+07
1.09135e+07
1.09135e+07
1.09135e+07
1.09435e+07
1.09435e+07
1.09435e+07
1.09435e+07
1.09435e+07
1.09736e+07
1.09736e+07
1.09736e+07
1.09736e+07
1.09736e+07
1.10037e+07
1.10037e+07
1.10037e+07
1.10037e+07
1.10037e+07
1.10337e+07
1.10337e+07
1.10337e+07
1.10337e+07
1.10337e+07
1.10638e+07
1.10638e+07
1.10638e+07
1.10638e+07
1.10638e+07
1.10939e+07
1.10939e+07
1.10939e+07
1.10939e+07
1.10939e+07
1.11239e+07
1.11239e+07
1.11239e+07
1.11239e+07
1.11239e+07
1.1154e+07
1.1154e+07
1.1154e+07
1.1154e+07
1.1154e+07
1.11841e+07
1.11841e+07
1.11841e+07
1.11841e+07
1.11841e+07
1.12141e+07
1.12141e+07
1.12141e+07
1.12141e+07
1.12141e+07
1.12442e+07
1.12442e+07
1.12442e+07
1.12442e+07
1.12442e+07
1.12742e+07
1.12742e+07
1.12742e+07
1.12742e+07
1.12742e+07
1.13043e+07
1.13043e+07
1.13043e+07
1.13043e+07
1.13043e+07
1.13344e+07
1.13344e+07
1.13344e+07
1.13344e+07
1.13344e+07
1.13644e+07
1.13644e+07
1.13644e+07
1.13644e+07
1.13644e+07
1.13945e+07
1.13945e+07
1.13945e+07
1.13945e+07
1.13945e+07
1.14246e+07
1.14246e+07
1.14246e+07
1.14246e+07
1.14246e+07
1.14546e+07
1.14546e+07
1.14546e+07
1.14546e+07
1.14546e+07
1.14847e+07
1.14847e+07
1.14847e+07
1.14847e+07
1.14847e+07
1.15148e+07
1.15148e+07
1.15148e+07
1.15148e+07
1.15148e+07
1.15448e+07
1.15448e+07
1.15448e+07
1.15448e+07
1.15448e+07
1.15749e+07
1.15749e+07
1.15749e+07
1.15749e+07
1.15749e+07
1.1605e+07
1.1605e+07
1.1605e+07
1.1605e+07
1.1605e+07
1.1635e+07
1.1635e+07
1.1635e+07
1.1635e+07
1.1635e+07
1.16651e+07
1.16651e+07
1.16651e+07
1.16651e+07
1.16651e+07
1.16952e+07
1.16952e+07
1.16952e+07
1.16952e+07
1.16952e+07
1.17252e+07
1.17252e+07
1.17252e+07
1.17252e+07
1.17252e+07
1.17553e+07
1.17553e+07
1.17553e+07
1.17553e+07
1.17553e+07
1.17853e+07
1.17853e+07
1.17853e+07
1.17853e+07
1.17853e+07
1.18154e+07
1.18154e+07
1.18154e+07
1.18154e+07
1.18154e+07
1.18455e+07
1.18455e+07
1.18455e+07
1.18455e+07
1.18455e+07
1.18755e+07
1.18755e+07
1.18755e+07
1.18755e+07
1.18755e+07
1.19056e+07
1.19056e+07
1.19056e+07
1.19056e+07
1.19056e+07
1.19357e+07
1.19357e+07
1.19357e+07
1.19357e+07
1.19357e+07
1.19657e+07
1.19657e+07
1.19657e+07
1.19657e+07
1.19657e+07
1.19958e+07
1.19958e+07
1.19958e+07
1.19958e+07
1.19958e+07
1.20259e+07
1.20259e+07
1.20259e+07
1.20259e+07
1.20259e+07
1.20559e+07
1.20559e+07
1.20559e+07
1.20559e+07
1.20559e+07
