14687
14701
14757
14826
14894
14899
14809
14777
14799
14825
14750
14696
14740
14696
14679
14719
14977
14888
14981
14807
14986
15115
14843
14852
14757
14741
14776
14878
14771
14665
14663
14682
14849
14723
14667
14667
14869
14954
14818
14692
14740
14825
14869
14837
14754
14678
14660
14675
14852
14846
14861
14675
15086
14862
14858
15081
14877
14777
14943
14801
14739
14753
14722
14673
14712
14995
14797
14772
14892
14739
14749
14744
14859
14895
14850
14825
14850
14863
14805
14712
14719
14711
14706
14670
14746
14730
14942
14930
14942
14955
14886
15015
14994
14791
14765
14755
14711
14707
14843
14772
14688
14703
14803
14827
14786
14805
14736
14775
14782
14774
14684
14746
14667
14680
14869
14744
14711
14785
14728
14816
14919
14823
14810
14930
14845
14833
14678
14677
14664
14707
14763
14771
14669
14795
14797
14957
14789
14818
14746
14862
14997
14816
14680
14686
14789
14716
14752
14787
14676
14855
14892
14854
14924
15122
14856
14876
15146
15003
14828
14925
14846
14835
14815
14712
14850
15033
14823
14772
14920
14804
14885
14877
14972
14879
14830
14900
14764
14938
14982
14738
14676
14766
14721
14803
14856
14816
14787
15191
15073
14944
14890
14978
14820
14805
14891
14999
14676
14708
14701
14693
14685
14798
14820
14772
14723
14996
14802
14890
14873
14838
14838
15059
14873
14838
14807
14725
14739
14898
14926
14920
14730
15000
14811
15025
14883
14978
15005
15008
15011
14938
14679
14670
14783
14802
14823
14797
14737
14733
14755
14862
14766
14887
15161
14908
14887
14994
14778
14752
14872
14869
14780
14718
14736
14753
14842
15343
15091
15189
14774
14823
14916
14985
14791
14793
14775
14952
14700
14730
14798
14729
14775
14666
14670
14766
14737
14727
14788
14863
14788
14772
14738
14867
14736
14712
14754
14758
14710
14672
14678
14831
14672
14953
15026
14923
14950
14941
14975
15050
14813
14809
14747
