30365
87754.8
168893
270594
389783
523822
669884
825306
987599
1.15445e+06
1.32404e+06
1.4944e+06
1.66374e+06
1.83048e+06
1.99321e+06
2.15099e+06
2.30276e+06
2.44759e+06
2.58472e+06
2.71357e+06
2.83396e+06
2.94554e+06
3.04807e+06
3.14144e+06
3.22562e+06
3.301e+06
3.3677e+06
3.42592e+06
3.47592e+06
3.51804e+06
3.55293e+06
3.58097e+06
3.60257e+06
3.61815e+06
3.62816e+06
3.63336e+06
3.63417e+06
3.63103e+06
3.62436e+06
3.61459e+06
3.60242e+06
3.58821e+06
3.57231e+06
3.55504e+06
3.53673e+06
3.51794e+06
3.49893e+06
3.4799e+06
3.46105e+06
3.44254e+06
3.42483e+06
3.40801e+06
3.39216e+06
3.37735e+06
3.36362e+06
3.3513e+06
3.34037e+06
3.3308e+06
3.32255e+06
3.31558e+06
3.31011e+06
3.30607e+06
3.30334e+06
3.30182e+06
3.30142e+06
3.30231e+06
3.30436e+06
3.30743e+06
3.3114e+06
3.31613e+06
3.3218e+06
3.32826e+06
3.33537e+06
3.34298e+06
3.35098e+06
3.35954e+06
3.36853e+06
3.3778e+06
3.38725e+06
3.39675e+06
3.40651e+06
3.41641e+06
3.42632e+06
3.43616e+06
3.44583e+06
3.45555e+06
3.46521e+06
3.47474e+06
3.48404e+06
3.49304e+06
3.502e+06
3.51081e+06
3.51941e+06
3.52773e+06
3.53572e+06
3.54363e+06
3.55139e+06
3.55894e+06
3.56622e+06
3.57319e+06
3.58011e+06
3.58691e+06
3.59354e+06
3.59995e+06
3.6061e+06
3.61225e+06
3.61834e+06
3.62432e+06
3.63014e+06
3.63575e+06
3.64142e+06
3.64709e+06
3.6527e+06
3.6582e+06
3.66355e+06
3.66901e+06
3.67451e+06
3.68e+06
3.68542e+06
3.69072e+06
3.69616e+06
3.70168e+06
3.70722e+06
3.7127e+06
3.71809e+06
3.72365e+06
3.72929e+06
3.73495e+06
3.74059e+06
3.74613e+06
3.75184e+06
3.75764e+06
3.76347e+06
3.76926e+06
3.77496e+06
3.78083e+06
3.78678e+06
3.79275e+06
3.79868e+06
3.80451e+06
3.8105e+06
3.81657e+06
3.82264e+06
3.82867e+06
3.83459e+06
3.84065e+06
3.84679e+06
3.85293e+06
3.85901e+06
3.86497e+06
3.87108e+06
3.87724e+06
3.88341e+06
3.8895e+06
3.89548e+06
3.90159e+06
3.90775e+06
3.91391e+06
3.92e+06
3.92596e+06
3.93206e+06
3.93821e+06
3.94435e+06
3.95041e+06
3.95635e+06
3.96242e+06
3.96855e+06
3.97466e+06
3.98071e+06
3.98662e+06
3.99267e+06
3.99877e+06
4.00486e+06
4.01088e+06
4.01678e+06
4.02281e+06
4.02889e+06
4.03496e+06
4.04097e+06
4.04685e+06
4.05286e+06
4.05894e+06
4.065e+06
4.071e+06
4.07687e+06
4.08288e+06
4.08894e+06
4.095e+06
4.101e+06
4.10687e+06
4.11287e+06
4.11894e+06
4.125e+06
4.13099e+06
4.13687e+06
4.14288e+06
4.14894e+06
4.15501e+06
4.161e+06
4.16688e+06
4.17289e+06
4.17896e+06
4.18503e+06
4.19103e+06
4.19691e+06
4.20293e+06
4.209e+06
4.21507e+06
4.22108e+06
4.22696e+06
4.23298e+06
4.23906e+06
4.24513e+06
4.25114e+06
4.25702e+06
4.26304e+06
4.26912e+06
4.2752e+06
4.28121e+06
4.28709e+06
4.29312e+06
4.2992e+06
4.30527e+06
4.31128e+06
4.31717e+06
4.32319e+06
4.32927e+06
4.33535e+06
4.34136e+06
4.34724e+06
4.35326e+06
4.35935e+06
4.36542e+06
4.37143e+06
4.37732e+06
4.38334e+06
4.38942e+06
4.39549e+06
4.4015e+06
4.40739e+06
4.41341e+06
4.41949e+06
4.42556e+06
4.43157e+06
4.43745e+06
4.44347e+06
4.44955e+06
4.45563e+06
4.46163e+06
4.46752e+06
4.47354e+06
4.47962e+06
4.48569e+06
4.4917e+06
4.49758e+06
4.5036e+06
4.50968e+06
4.51576e+06
4.52176e+06
4.52765e+06
4.53367e+06
4.53975e+06
4.54582e+06
4.55182e+06
4.55771e+06
4.56373e+06
4.56981e+06
4.57588e+06
4.58189e+06
4.58777e+06
4.59379e+06
4.59987e+06
4.60595e+06
4.61195e+06
4.61784e+06
4.62386e+06
4.62994e+06
4.63601e+06
4.64202e+06
4.6479e+06
4.65392e+06
4.66e+06
4.66607e+06
4.67208e+06
4.67797e+06
4.68399e+06
4.69007e+06
4.69614e+06
4.70214e+06
4.70803e+06
4.71405e+06
4.72013e+06
4.7262e+06
4.73221e+06
4.7381e+06
4.74412e+06
4.7502e+06
4.75627e+06
4.76228e+06
4.76816e+06
4.77418e+06
4.78026e+06
4.78633e+06
4.79234e+06
4.79823e+06
4.80425e+06
4.81033e+06
4.8164e+06
4.8224e+06
4.82829e+06
4.83431e+06
4.84039e+06
4.84646e+06
4.85247e+06
4.85836e+06
4.86438e+06
4.87046e+06
4.87653e+06
4.88253e+06
4.88842e+06
4.89444e+06
4.90052e+06
4.90659e+06
4.9126e+06
4.91848e+06
4.9245e+06
4.93058e+06
4.93666e+06
4.94266e+06
4.94855e+06
4.95457e+06
4.96065e+06
4.96672e+06
4.97273e+06
4.97861e+06
4.98463e+06
4.99071e+06
4.99679e+06
5.00279e+06
5.00868e+06
5.0147e+06
5.02078e+06
5.02685e+06
5.03286e+06
5.03874e+06
5.04476e+06
5.05084e+06
5.05692e+06
5.06292e+06
5.06881e+06
5.07483e+06
5.08091e+06
5.08698e+06
5.09299e+06
5.09887e+06
5.10489e+06
5.11097e+06
5.11705e+06
5.12305e+06
5.12894e+06
5.13496e+06
5.14104e+06
5.14711e+06
5.15312e+06
5.159e+06
5.16502e+06
5.1711e+06
5.17718e+06
5.18318e+06
5.18907e+06
5.19509e+06
5.20117e+06
5.20724e+06
5.21325e+06
5.21913e+06
5.22515e+06
5.23123e+06
5.23731e+06
5.24331e+06
5.2492e+06
5.25522e+06
5.2613e+06
5.26737e+06
5.27338e+06
5.27926e+06
5.28528e+06
5.29136e+06
5.29744e+06
5.30344e+06
5.30933e+06
5.31535e+06
5.32143e+06
5.3275e+06
5.33351e+06
5.33939e+06
5.34541e+06
5.35149e+06
5.35756e+06
5.36357e+06
5.36946e+06
5.37548e+06
5.38156e+06
5.38763e+06
5.39364e+06
5.39952e+06
5.40554e+06
5.41162e+06
5.41769e+06
5.4237e+06
5.42959e+06
5.43561e+06
5.44169e+06
5.44776e+06
5.45376e+06
5.45965e+06
5.46567e+06
5.47175e+06
5.47782e+06
5.48383e+06
5.48972e+06
5.49574e+06
5.50182e+06
5.50789e+06
5.51389e+06
5.51978e+06
5.5258e+06
5.53188e+06
5.53795e+06
5.54396e+06
5.54985e+06
5.55586e+06
5.56194e+06
5.56802e+06
5.57402e+06
5.57991e+06
5.58593e+06
5.59201e+06
5.59808e+06
5.60409e+06
5.60998e+06
5.61599e+06
5.62207e+06
5.62815e+06
5.63415e+06
5.64004e+06
5.64606e+06
5.65214e+06
5.65821e+06
5.66422e+06
5.6701e+06
5.67612e+06
5.6822e+06
5.68828e+06
5.69428e+06
5.70017e+06
5.70619e+06
5.71227e+06
5.71834e+06
5.72435e+06
5.73023e+06
5.73625e+06
5.74233e+06
5.74841e+06
5.75441e+06
5.7603e+06
5.76632e+06
5.7724e+06
5.77847e+06
5.78448e+06
5.79036e+06
5.79638e+06
5.80246e+06
5.80854e+06
5.81454e+06
5.82043e+06
5.82645e+06
5.83253e+06
5.8386e+06
5.84461e+06
5.85049e+06
5.85651e+06
5.86259e+06
5.86867e+06
5.87467e+06
5.88056e+06
5.88658e+06
5.89266e+06
5.89873e+06
5.90474e+06
5.91062e+06
5.91664e+06
5.92272e+06
5.9288e+06
5.9348e+06
5.94069e+06
5.94671e+06
5.95279e+06
5.95886e+06
5.96487e+06
5.97075e+06
5.97677e+06
5.98285e+06
5.98892e+06
5.99493e+06
6.00082e+06
6.00684e+06
6.01292e+06
6.01899e+06
6.025e+06
6.03088e+06
6.0369e+06
6.04298e+06
6.04905e+06
6.05506e+06
6.06095e+06
6.06697e+06
6.07305e+06
6.07912e+06
6.08512e+06
6.09101e+06
6.09703e+06
6.10311e+06
6.10918e+06
6.11519e+06
6.12108e+06
6.1271e+06
6.13318e+06
6.13925e+06
6.14525e+06
6.15114e+06
6.15716e+06
6.16324e+06
6.16931e+06
6.17532e+06
6.18121e+06
6.18722e+06
6.1933e+06
6.19938e+06
6.20538e+06
6.21127e+06
6.21729e+06
6.22337e+06
6.22944e+06
6.23545e+06
6.24134e+06
6.24735e+06
6.25343e+06
6.25951e+06
6.26551e+06
6.2714e+06
6.27742e+06
6.2835e+06
6.28957e+06
6.29558e+06
6.30146e+06
6.30748e+06
6.31356e+06
6.31964e+06
6.32564e+06
6.33153e+06
6.33755e+06
6.34363e+06
6.3497e+06
6.35571e+06
6.36159e+06
6.36761e+06
6.37369e+06
6.37977e+06
6.38577e+06
6.39166e+06
6.39768e+06
6.40376e+06
6.40983e+06
6.41584e+06
6.42172e+06
6.42774e+06
6.43382e+06
6.4399e+06
6.4459e+06
6.45179e+06
6.45781e+06
6.46389e+06
6.46996e+06
6.47597e+06
6.48185e+06
6.48787e+06
6.49395e+06
6.50003e+06
6.50603e+06
6.51192e+06
6.51794e+06
6.52402e+06
6.53009e+06
6.5361e+06
6.54198e+06
6.548e+06
6.55408e+06
6.56016e+06
6.56616e+06
6.57205e+06
6.57807e+06
6.58415e+06
6.59022e+06
6.59623e+06
6.60211e+06
6.60813e+06
6.61421e+06
6.62028e+06
6.62629e+06
6.63218e+06
6.6382e+06
6.64428e+06
6.65035e+06
6.65636e+06
6.66224e+06
6.66826e+06
6.67434e+06
6.68041e+06
6.68642e+06
6.69231e+06
6.69833e+06
6.70441e+06
6.71048e+06
6.71649e+06
6.72237e+06
6.72839e+06
6.73447e+06
6.74054e+06
6.74655e+06
6.75244e+06
6.75846e+06
6.76454e+06
6.77061e+06
6.77662e+06
6.7825e+06
6.78852e+06
6.7946e+06
6.80067e+06
6.80668e+06
6.81257e+06
6.81858e+06
6.82466e+06
6.83074e+06
6.83674e+06
6.84263e+06
6.84865e+06
6.85473e+06
6.8608e+06
6.86681e+06
6.8727e+06
6.87871e+06
6.88479e+06
6.89087e+06
6.89687e+06
6.90276e+06
6.90878e+06
6.91486e+06
6.92093e+06
6.92694e+06
6.93282e+06
6.93884e+06
6.94492e+06
6.951e+06
6.957e+06
6.96289e+06
6.96891e+06
6.97499e+06
6.98106e+06
6.98707e+06
6.99295e+06
6.99897e+06
7.00505e+06
7.01113e+06
7.01713e+06
7.02302e+06
7.02904e+06
7.03512e+06
7.04119e+06
7.0472e+06
7.05308e+06
7.0591e+06
7.06518e+06
7.07126e+06
7.07726e+06
7.08315e+06
7.08917e+06
7.09525e+06
7.10132e+06
7.10733e+06
7.11321e+06
7.11923e+06
7.12531e+06
7.13139e+06
7.13739e+06
7.14328e+06
7.1493e+06
7.15538e+06
7.16145e+06
7.16746e+06
7.17334e+06
7.17936e+06
7.18544e+06
7.19152e+06
7.19752e+06
7.20341e+06
7.20943e+06
7.21551e+06
7.22158e+06
7.22759e+06
7.23347e+06
7.23949e+06
7.24557e+06
7.25164e+06
7.25765e+06
7.26354e+06
7.26956e+06
7.27564e+06
7.28171e+06
7.28772e+06
7.2936e+06
7.29962e+06
7.3057e+06
7.31177e+06
7.31778e+06
7.32367e+06
7.32969e+06
7.33577e+06
7.34184e+06
7.34785e+06
7.35373e+06
7.35975e+06
7.36583e+06
7.3719e+06
7.37791e+06
7.3838e+06
7.38982e+06
7.3959e+06
7.40197e+06
7.40798e+06
7.41386e+06
7.41988e+06
7.42596e+06
7.43203e+06
7.43804e+06
7.44393e+06
7.44994e+06
7.45602e+06
7.4621e+06
7.4681e+06
7.47399e+06
7.48001e+06
7.48609e+06
7.49216e+06
7.49817e+06
7.50406e+06
7.51007e+06
7.51615e+06
7.52223e+06
7.52823e+06
7.53412e+06
7.54014e+06
7.54622e+06
7.55229e+06
7.5583e+06
7.56418e+06
7.5702e+06
7.57628e+06
7.58236e+06
7.58836e+06
7.59425e+06
7.60027e+06
7.60635e+06
7.61242e+06
7.61843e+06
7.62431e+06
7.63033e+06
7.63641e+06
7.64249e+06
7.64849e+06
7.65438e+06
7.6604e+06
7.66648e+06
7.67255e+06
7.67856e+06
7.68444e+06
7.69046e+06
7.69654e+06
7.70262e+06
7.70862e+06
7.71451e+06
7.72053e+06
7.72661e+06
7.73268e+06
7.73869e+06
7.74457e+06
7.75059e+06
7.75667e+06
7.76275e+06
7.76875e+06
7.77464e+06
7.78066e+06
7.78674e+06
7.79281e+06
7.79882e+06
7.8047e+06
7.81072e+06
7.8168e+06
7.82288e+06
7.82888e+06
7.83477e+06
7.84079e+06
7.84687e+06
7.85294e+06
7.85895e+06
7.86483e+06
7.87085e+06
7.87693e+06
7.883e+06
7.88901e+06
7.8949e+06
7.90092e+06
7.907e+06
7.91307e+06
7.91908e+06
7.92496e+06
7.93098e+06
7.93706e+06
7.94313e+06
7.94914e+06
7.95503e+06
7.96105e+06
7.96713e+06
7.9732e+06
7.97921e+06
7.98509e+06
7.99111e+06
7.99719e+06
8.00326e+06
8.00927e+06
8.01516e+06
8.02118e+06
8.02726e+06
8.03333e+06
8.03934e+06
8.04522e+06
8.05124e+06
8.05732e+06
8.06339e+06
8.0694e+06
8.07529e+06
8.08131e+06
8.08739e+06
8.09346e+06
8.09946e+06
8.10535e+06
8.11137e+06
8.11745e+06
8.12352e+06
8.12953e+06
8.13542e+06
8.14144e+06
8.14752e+06
8.15359e+06
8.15959e+06
8.16548e+06
8.1715e+06
8.17758e+06
8.18365e+06
8.18966e+06
8.19554e+06
8.20156e+06
8.20764e+06
8.21372e+06
8.21972e+06
8.22561e+06
8.23163e+06
8.23771e+06
8.24378e+06
8.24979e+06
8.25567e+06
8.26169e+06
8.26777e+06
8.27385e+06
8.27985e+06
8.28574e+06
8.29176e+06
8.29784e+06
8.30391e+06
8.30992e+06
8.3158e+06
8.32182e+06
8.3279e+06
8.33398e+06
8.33998e+06
8.34587e+06
8.35189e+06
8.35797e+06
8.36404e+06
8.37005e+06
8.37593e+06
8.38195e+06
8.38803e+06
8.39411e+06
8.40011e+06
8.406e+06
8.41202e+06
8.4181e+06
8.42417e+06
8.43018e+06
8.43606e+06
8.44208e+06
8.44816e+06
8.45424e+06
8.46024e+06
8.46613e+06
8.47215e+06
8.47823e+06
8.4843e+06
8.49031e+06
8.49619e+06
8.50221e+06
8.50829e+06
8.51437e+06
8.52037e+06
8.52626e+06
8.53228e+06
8.53836e+06
8.54443e+06
8.55044e+06
8.55632e+06
8.56234e+06
8.56842e+06
8.5745e+06
8.5805e+06
8.58639e+06
8.59241e+06
8.59849e+06
8.60456e+06
8.61057e+06
8.61645e+06
8.62247e+06
8.62855e+06
8.63463e+06
8.64063e+06
8.64652e+06
8.65254e+06
8.65862e+06
8.66469e+06
8.6707e+06
8.67658e+06
8.6826e+06
8.68868e+06
8.69476e+06
8.70076e+06
8.70665e+06
8.71267e+06
8.71875e+06
8.72482e+06
8.73083e+06
8.73671e+06
8.74273e+06
8.74881e+06
8.75488e+06
8.76089e+06
8.76678e+06
8.7728e+06
8.77888e+06
8.78495e+06
8.79096e+06
8.79684e+06
8.80286e+06
8.80894e+06
8.81501e+06
8.82102e+06
8.82691e+06
8.83293e+06
8.83901e+06
8.84508e+06
8.85108e+06
8.85697e+06
8.86299e+06
8.86907e+06
8.87514e+06
8.88115e+06
8.88704e+06
8.89306e+06
8.89914e+06
8.90521e+06
8.91122e+06
8.9171e+06
8.92312e+06
8.9292e+06
8.93527e+06
8.94128e+06
8.94717e+06
8.95319e+06
8.95927e+06
8.96534e+06
8.97134e+06
8.97723e+06
8.98325e+06
8.98933e+06
8.9954e+06
9.00141e+06
9.0073e+06
9.01331e+06
9.01939e+06
9.02547e+06
9.03147e+06
9.03736e+06
9.04338e+06
9.04946e+06
9.05553e+06
9.06154e+06
9.06742e+06
9.07344e+06
9.07952e+06
9.0856e+06
9.0916e+06
9.09749e+06
9.10351e+06
9.10959e+06
9.11566e+06
9.12167e+06
9.12755e+06
9.13357e+06
9.13965e+06
9.14573e+06
9.15173e+06
9.15762e+06
9.16364e+06
9.16972e+06
9.17579e+06
9.1818e+06
9.18768e+06
9.1937e+06
9.19978e+06
9.20586e+06
9.21186e+06
9.21775e+06
9.22377e+06
9.22985e+06
9.23592e+06
9.24193e+06
9.24781e+06
9.25383e+06
9.25991e+06
9.26598e+06
9.27199e+06
9.27788e+06
9.2839e+06
9.28998e+06
9.29605e+06
9.30206e+06
9.30794e+06
9.31396e+06
9.32004e+06
9.32612e+06
9.33212e+06
9.33801e+06
9.34403e+06
9.35011e+06
9.35618e+06
9.36219e+06
9.36807e+06
9.37409e+06
9.38017e+06
9.38624e+06
9.39225e+06
9.39814e+06
9.40416e+06
9.41024e+06
9.41631e+06
9.42232e+06
9.4282e+06
9.43422e+06
9.4403e+06
9.44638e+06
9.45238e+06
9.45827e+06
9.46429e+06
9.47037e+06
9.47644e+06
9.48245e+06
9.48833e+06
9.49435e+06
9.50043e+06
9.5065e+06
9.51251e+06
9.5184e+06
9.52442e+06
9.5305e+06
9.53657e+06
9.54257e+06
9.54846e+06
9.55448e+06
9.56056e+06
9.56663e+06
9.57264e+06
9.57852e+06
9.58454e+06
9.59062e+06
9.5967e+06
9.6027e+06
9.60859e+06
9.61461e+06
9.62069e+06
9.62676e+06
9.63277e+06
9.63866e+06
9.64468e+06
9.65076e+06
9.65683e+06
9.66283e+06
9.66872e+06
9.67474e+06
9.68082e+06
9.68689e+06
9.6929e+06
9.69878e+06
9.7048e+06
9.71088e+06
9.71696e+06
9.72296e+06
9.72885e+06
9.73487e+06
9.74095e+06
9.74702e+06
9.75303e+06
9.75892e+06
9.76493e+06
9.77101e+06
9.77709e+06
9.78309e+06
9.78898e+06
9.795e+06
9.80108e+06
9.80715e+06
9.81316e+06
9.81904e+06
9.82506e+06
9.83114e+06
9.83722e+06
9.84322e+06
9.84911e+06
9.85513e+06
9.86121e+06
9.86728e+06
9.87329e+06
9.87917e+06
9.88519e+06
9.89127e+06
9.89735e+06
9.90335e+06
9.90924e+06
9.91526e+06
9.92134e+06
9.92741e+06
9.93342e+06
9.9393e+06
9.94532e+06
9.9514e+06
9.95748e+06
9.96348e+06
9.96937e+06
9.97539e+06
9.98147e+06
9.98754e+06
9.99355e+06
9.99943e+06
1.00055e+07
1.00115e+07
1.00176e+07
1.00236e+07
1.00295e+07
1.00355e+07
1.00416e+07
1.00477e+07
1.00537e+07
1.00596e+07
1.00656e+07
1.00717e+07
1.00777e+07
1.00837e+07
1.00896e+07
1.00956e+07
1.01017e+07
1.01078e+07
1.01138e+07
1.01197e+07
1.01257e+07
1.01318e+07
1.01379e+07
1.01439e+07
1.01498e+07
1.01558e+07
1.01619e+07
1.01679e+07
1.01739e+07
1.01798e+07
1.01858e+07
1.01919e+07
1.0198e+07
1.0204e+07
1.02099e+07
1.02159e+07
1.0222e+07
1.02281e+07
1.02341e+07
1.024e+07
1.0246e+07
1.02521e+07
1.02581e+07
1.02641e+07
1.027e+07
1.0276e+07
1.02821e+07
1.02882e+07
1.02942e+07
1.03001e+07
1.03061e+07
1.03122e+07
1.03183e+07
1.03243e+07
1.03301e+07
1.03362e+07
1.03422e+07
1.03483e+07
1.03543e+07
1.03602e+07
1.03662e+07
1.03723e+07
1.03784e+07
1.03844e+07
1.03903e+07
1.03963e+07
1.04024e+07
1.04084e+07
1.04145e+07
1.04203e+07
1.04264e+07
1.04324e+07
1.04385e+07
1.04445e+07
1.04504e+07
1.04564e+07
1.04625e+07
1.04686e+07
1.04746e+07
1.04805e+07
1.04865e+07
1.04926e+07
1.04986e+07
1.05046e+07
1.05105e+07
1.05166e+07
1.05226e+07
1.05287e+07
1.05347e+07
1.05406e+07
1.05466e+07
1.05527e+07
1.05588e+07
1.05648e+07
1.05707e+07
1.05767e+07
1.05828e+07
1.05888e+07
1.05948e+07
1.06007e+07
1.06067e+07
1.06128e+07
1.06189e+07
1.06249e+07
1.06308e+07
1.06368e+07
1.06429e+07
1.0649e+07
1.0655e+07
1.06609e+07
1.06669e+07
1.0673e+07
1.0679e+07
1.0685e+07
1.06909e+07
1.06969e+07
1.0703e+07
1.07091e+07
1.07151e+07
1.0721e+07
1.0727e+07
1.07331e+07
1.07392e+07
1.07452e+07
1.07511e+07
1.07571e+07
1.07632e+07
1.07692e+07
1.07752e+07
1.07811e+07
1.07871e+07
1.07932e+07
1.07993e+07
1.08053e+07
1.08112e+07
1.08172e+07
1.08233e+07
1.08294e+07
1.08354e+07
1.08412e+07
1.08473e+07
1.08533e+07
1.08594e+07
1.08654e+07
1.08713e+07
1.08773e+07
1.08834e+07
1.08895e+07
1.08955e+07
1.09014e+07
1.09074e+07
1.09135e+07
1.09195e+07
1.09256e+07
1.09314e+07
1.09375e+07
1.09435e+07
1.09496e+07
1.09556e+07
1.09615e+07
1.09675e+07
1.09736e+07
1.09797e+07
1.09857e+07
1.09916e+07
1.09976e+07
1.10037e+07
1.10097e+07
1.10157e+07
1.10216e+07
1.10277e+07
1.10337e+07
1.10398e+07
1.10458e+07
1.10517e+07
1.10577e+07
1.10638e+07
1.10699e+07
1.10759e+07
1.10818e+07
1.10878e+07
1.10939e+07
1.10999e+07
1.11059e+07
1.11118e+07
1.11178e+07
1.11239e+07
1.113e+07
1.1136e+07
1.11419e+07
1.11479e+07
1.1154e+07
1.11601e+07
1.11661e+07
1.1172e+07
1.1178e+07
1.11841e+07
1.11901e+07
1.11961e+07
1.1202e+07
1.1208e+07
1.12141e+07
1.12202e+07
1.12262e+07
1.12321e+07
1.12381e+07
1.12442e+07
1.12503e+07
1.12563e+07
1.12622e+07
1.12682e+07
1.12743e+07
1.12803e+07
1.12863e+07
1.12922e+07
1.12982e+07
1.13043e+07
1.13104e+07
1.13164e+07
1.13223e+07
1.13283e+07
1.13344e+07
1.13405e+07
1.13465e+07
1.13523e+07
1.13584e+07
1.13644e+07
1.13705e+07
1.13765e+07
1.13824e+07
1.13884e+07
1.13945e+07
1.14006e+07
1.14066e+07
1.14125e+07
1.14185e+07
1.14246e+07
1.14306e+07
1.14367e+07
1.14425e+07
1.14486e+07
1.14546e+07
1.14607e+07
1.14667e+07
1.14726e+07
1.14786e+07
1.14847e+07
1.14908e+07
1.14968e+07
1.15027e+07
1.15087e+07
1.15148e+07
1.15208e+07
1.15268e+07
1.15327e+07
1.15388e+07
1.15448e+07
1.15509e+07
1.15569e+07
1.15628e+07
1.15688e+07
1.15749e+07
1.1581e+07
1.1587e+07
1.15929e+07
1.15989e+07
1.1605e+07
1.1611e+07
1.1617e+07
1.16229e+07
1.16289e+07
1.1635e+07
1.16411e+07
1.16471e+07
1.1653e+07
1.1659e+07
1.16651e+07
1.16712e+07
1.16772e+07
1.16831e+07
1.16891e+07
1.16952e+07
1.17012e+07
1.17072e+07
1.17131e+07
1.17191e+07
1.17252e+07
1.17313e+07
1.17373e+07
1.17432e+07
1.17492e+07
1.17553e+07
1.17614e+07
1.17674e+07
1.17733e+07
1.17793e+07
1.17854e+07
1.17914e+07
1.17974e+07
1.18033e+07
1.18093e+07
1.18154e+07
1.18215e+07
1.18275e+07
1.18334e+07
1.18394e+07
1.18455e+07
1.18516e+07
1.18576e+07
1.18634e+07
1.18695e+07
1.18755e+07
1.18816e+07
1.18876e+07
1.18935e+07
1.18995e+07
1.19056e+07
1.19117e+07
1.19177e+07
1.19236e+07
1.19296e+07
1.19357e+07
1.19418e+07
1.19478e+07
1.19536e+07
1.19597e+07
1.19657e+07
1.19718e+07
1.19778e+07
1.19837e+07
1.19897e+07
1.19958e+07
1.20019e+07
1.20079e+07
1.20138e+07
